# n Search Insert Delete Maximum Minimum Predecessor Successor
1 0.0000 1.0000 1.0000 1.0000 1.0000 0.0000 0.0000
2 1.0000 2.0000 2.0000 1.0000 1.0000 1.0000 1.0000
3 1.5850 3.0000 3.0000 1.0000 1.0000 1.5850 1.5850
4 2.0000 4.0000 4.0000 1.0000 1.0000 2.0000 2.0000
5 2.3219 5.0000 5.0000 1.0000 1.0000 2.3219 2.3219
6 2.5850 6.0000 6.0000 1.0000 1.0000 2.5850 2.5850
7 2.8074 7.0000 7.0000 1.0000 1.0000 2.8074 2.8074
8 3.0000 8.0000 8.0000 1.0000 1.0000 3.0000 3.0000
9 3.1699 9.0000 9.0000 1.0000 1.0000 3.1699 3.1699
10 3.3219 10.0000 10.0000 1.0000 1.0000 3.3219 3.3219
11 3.4594 11.0000 11.0000 1.0000 1.0000 3.4594 3.4594
12 3.5850 12.0000 12.0000 1.0000 1.0000 3.5850 3.5850
13 3.7004 13.0000 13.0000 1.0000 1.0000 3.7004 3.7004
14 3.8074 14.0000 14.0000 1.0000 1.0000 3.8074 3.8074
15 3.9069 15.0000 15.0000 1.0000 1.0000 3.9069 3.9069
16 4.0000 16.0000 16.0000 1.0000 1.0000 4.0000 4.0000
17 4.0875 17.0000 17.0000 1.0000 1.0000 4.0875 4.0875
18 4.1699 18.0000 18.0000 1.0000 1.0000 4.1699 4.1699
19 4.2479 19.0000 19.0000 1.0000 1.0000 4.2479 4.2479
20 4.3219 20.0000 20.0000 1.0000 1.0000 4.3219 4.3219
21 4.3923 21.0000 21.0000 1.0000 1.0000 4.3923 4.3923
22 4.4594 22.0000 22.0000 1.0000 1.0000 4.4594 4.4594
23 4.5236 23.0000 23.0000 1.0000 1.0000 4.5236 4.5236
24 4.5850 24.0000 24.0000 1.0000 1.0000 4.5850 4.5850
25 4.6439 25.0000 25.0000 1.0000 1.0000 4.6439 4.6439
26 4.7004 26.0000 26.0000 1.0000 1.0000 4.7004 4.7004
27 4.7549 27.0000 27.0000 1.0000 1.0000 4.7549 4.7549
28 4.8074 28.0000 28.0000 1.0000 1.0000 4.8074 4.8074
29 4.8580 29.0000 29.0000 1.0000 1.0000 4.8580 4.8580
30 4.9069 30.0000 30.0000 1.0000 1.0000 4.9069 4.9069
31 4.9542 31.0000 31.0000 1.0000 1.0000 4.9542 4.9542
32 5.0000 32.0000 32.0000 1.0000 1.0000 5.0000 5.0000
33 5.0444 33.0000 33.0000 1.0000 1.0000 5.0444 5.0444
34 5.0875 34.0000 34.0000 1.0000 1.0000 5.0875 5.0875
35 5.1293 35.0000 35.0000 1.0000 1.0000 5.1293 5.1293
36 5.1699 36.0000 36.0000 1.0000 1.0000 5.1699 5.1699
37 5.2095 37.0000 37.0000 1.0000 1.0000 5.2095 5.2095
38 5.2479 38.0000 38.0000 1.0000 1.0000 5.2479 5.2479
39 5.2854 39.0000 39.0000 1.0000 1.0000 5.2854 5.2854
40 5.3219 40.0000 40.0000 1.0000 1.0000 5.3219 5.3219
41 5.3576 41.0000 41.0000 1.0000 1.0000 5.3576 5.3576
42 5.3923 42.0000 42.0000 1.0000 1.0000 5.3923 5.3923
43 5.4263 43.0000 43.0000 1.0000 1.0000 5.4263 5.4263
44 5.4594 44.0000 44.0000 1.0000 1.0000 5.4594 5.4594
45 5.4919 45.0000 45.0000 1.0000 1.0000 5.4919 5.4919
46 5.5236 46.0000 46.0000 1.0000 1.0000 5.5236 5.5236
47 5.5546 47.0000 47.0000 1.0000 1.0000 5.5546 5.5546
48 5.5850 48.0000 48.0000 1.0000 1.0000 5.5850 5.5850
49 5.6147 49.0000 49.0000 1.0000 1.0000 5.6147 5.6147
50 5.6439 50.0000 50.0000 1.0000 1.0000 5.6439 5.6439
51 5.6724 51.0000 51.0000 1.0000 1.0000 5.6724 5.6724
52 5.7004 52.0000 52.0000 1.0000 1.0000 5.7004 5.7004
53 5.7279 53.0000 53.0000 1.0000 1.0000 5.7279 5.7279
54 5.7549 54.0000 54.0000 1.0000 1.0000 5.7549 5.7549
55 5.7814 55.0000 55.0000 1.0000 1.0000 5.7814 5.7814
56 5.8074 56.0000 56.0000 1.0000 1.0000 5.8074 5.8074
57 5.8329 57.0000 57.0000 1.0000 1.0000 5.8329 5.8329
58 5.8580 58.0000 58.0000 1.0000 1.0000 5.8580 5.8580
59 5.8826 59.0000 59.0000 1.0000 1.0000 5.8826 5.8826
60 5.9069 60.0000 60.0000 1.0000 1.0000 5.9069 5.9069
61 5.9307 61.0000 61.0000 1.0000 1.0000 5.9307 5.9307
62 5.9542 62.0000 62.0000 1.0000 1.0000 5.9542 5.9542
63 5.9773 63.0000 63.0000 1.0000 1.0000 5.9773 5.9773
64 6.0000 64.0000 64.0000 1.0000 1.0000 6.0000 6.0000
65 6.0224 65.0000 65.0000 1.0000 1.0000 6.0224 6.0224
66 6.0444 66.0000 66.0000 1.0000 1.0000 6.0444 6.0444
67 6.0661 67.0000 67.0000 1.0000 1.0000 6.0661 6.0661
68 6.0875 68.0000 68.0000 1.0000 1.0000 6.0875 6.0875
69 6.1085 69.0000 69.0000 1.0000 1.0000 6.1085 6.1085
70 6.1293 70.0000 70.0000 1.0000 1.0000 6.1293 6.1293
71 6.1497 71.0000 71.0000 1.0000 1.0000 6.1497 6.1497
72 6.1699 72.0000 72.0000 1.0000 1.0000 6.1699 6.1699
73 6.1898 73.0000 73.0000 1.0000 1.0000 6.1898 6.1898
74 6.2095 74.0000 74.0000 1.0000 1.0000 6.2095 6.2095
75 6.2288 75.0000 75.0000 1.0000 1.0000 6.2288 6.2288
76 6.2479 76.0000 76.0000 1.0000 1.0000 6.2479 6.2479
77 6.2668 77.0000 77.0000 1.0000 1.0000 6.2668 6.2668
78 6.2854 78.0000 78.0000 1.0000 1.0000 6.2854 6.2854
79 6.3038 79.0000 79.0000 1.0000 1.0000 6.3038 6.3038
80 6.3219 80.0000 80.0000 1.0000 1.0000 6.3219 6.3219
81 6.3399 81.0000 81.0000 1.0000 1.0000 6.3399 6.3399
82 6.3576 82.0000 82.0000 1.0000 1.0000 6.3576 6.3576
83 6.3750 83.0000 83.0000 1.0000 1.0000 6.3750 6.3750
84 6.3923 84.0000 84.0000 1.0000 1.0000 6.3923 6.3923
85 6.4094 85.0000 85.0000 1.0000 1.0000 6.4094 6.4094
86 6.4263 86.0000 86.0000 1.0000 1.0000 6.4263 6.4263
87 6.4429 87.0000 87.0000 1.0000 1.0000 6.4429 6.4429
88 6.4594 88.0000 88.0000 1.0000 1.0000 6.4594 6.4594
89 6.4757 89.0000 89.0000 1.0000 1.0000 6.4757 6.4757
90 6.4919 90.0000 90.0000 1.0000 1.0000 6.4919 6.4919
91 6.5078 91.0000 91.0000 1.0000 1.0000 6.5078 6.5078
92 6.5236 92.0000 92.0000 1.0000 1.0000 6.5236 6.5236
93 6.5392 93.0000 93.0000 1.0000 1.0000 6.5392 6.5392
94 6.5546 94.0000 94.0000 1.0000 1.0000 6.5546 6.5546
95 6.5699 95.0000 95.0000 1.0000 1.0000 6.5699 6.5699
96 6.5850 96.0000 96.0000 1.0000 1.0000 6.5850 6.5850
97 6.5999 97.0000 97.0000 1.0000 1.0000 6.5999 6.5999
98 6.6147 98.0000 98.0000 1.0000 1.0000 6.6147 6.6147
99 6.6294 99.0000 99.0000 1.0000 1.0000 6.6294 6.6294
100 6.6439 100.0000 100.0000 1.0000 1.0000 6.6439 6.6439
101 6.6582 101.0000 101.0000 1.0000 1.0000 6.6582 6.6582
102 6.6724 102.0000 102.0000 1.0000 1.0000 6.6724 6.6724
103 6.6865 103.0000 103.0000 1.0000 1.0000 6.6865 6.6865
104 6.7004 104.0000 104.0000 1.0000 1.0000 6.7004 6.7004
105 6.7142 105.0000 105.0000 1.0000 1.0000 6.7142 6.7142
106 6.7279 106.0000 106.0000 1.0000 1.0000 6.7279 6.7279
107 6.7415 107.0000 107.0000 1.0000 1.0000 6.7415 6.7415
108 6.7549 108.0000 108.0000 1.0000 1.0000 6.7549 6.7549
109 6.7682 109.0000 109.0000 1.0000 1.0000 6.7682 6.7682
110 6.7814 110.0000 110.0000 1.0000 1.0000 6.7814 6.7814
111 6.7944 111.0000 111.0000 1.0000 1.0000 6.7944 6.7944
112 6.8074 112.0000 112.0000 1.0000 1.0000 6.8074 6.8074
113 6.8202 113.0000 113.0000 1.0000 1.0000 6.8202 6.8202
114 6.8329 114.0000 114.0000 1.0000 1.0000 6.8329 6.8329
115 6.8455 115.0000 115.0000 1.0000 1.0000 6.8455 6.8455
116 6.8580 116.0000 116.0000 1.0000 1.0000 6.8580 6.8580
117 6.8704 117.0000 117.0000 1.0000 1.0000 6.8704 6.8704
118 6.8826 118.0000 118.0000 1.0000 1.0000 6.8826 6.8826
119 6.8948 119.0000 119.0000 1.0000 1.0000 6.8948 6.8948
120 6.9069 120.0000 120.0000 1.0000 1.0000 6.9069 6.9069
121 6.9189 121.0000 121.0000 1.0000 1.0000 6.9189 6.9189
122 6.9307 122.0000 122.0000 1.0000 1.0000 6.9307 6.9307
123 6.9425 123.0000 123.0000 1.0000 1.0000 6.9425 6.9425
124 6.9542 124.0000 124.0000 1.0000 1.0000 6.9542 6.9542
125 6.9658 125.0000 125.0000 1.0000 1.0000 6.9658 6.9658
126 6.9773 126.0000 126.0000 1.0000 1.0000 6.9773 6.9773
127 6.9887 127.0000 127.0000 1.0000 1.0000 6.9887 6.9887
128 7.0000 128.0000 128.0000 1.0000 1.0000 7.0000 7.0000
129 7.0112 129.0000 129.0000 1.0000 1.0000 7.0112 7.0112
130 7.0224 130.0000 130.0000 1.0000 1.0000 7.0224 7.0224
131 7.0334 131.0000 131.0000 1.0000 1.0000 7.0334 7.0334
132 7.0444 132.0000 132.0000 1.0000 1.0000 7.0444 7.0444
133 7.0553 133.0000 133.0000 1.0000 1.0000 7.0553 7.0553
134 7.0661 134.0000 134.0000 1.0000 1.0000 7.0661 7.0661
135 7.0768 135.0000 135.0000 1.0000 1.0000 7.0768 7.0768
136 7.0875 136.0000 136.0000 1.0000 1.0000 7.0875 7.0875
137 7.0980 137.0000 137.0000 1.0000 1.0000 7.0980 7.0980
138 7.1085 138.0000 138.0000 1.0000 1.0000 7.1085 7.1085
139 7.1189 139.0000 139.0000 1.0000 1.0000 7.1189 7.1189
140 7.1293 140.0000 140.0000 1.0000 1.0000 7.1293 7.1293
141 7.1396 141.0000 141.0000 1.0000 1.0000 7.1396 7.1396
142 7.1497 142.0000 142.0000 1.0000 1.0000 7.1497 7.1497
143 7.1599 143.0000 143.0000 1.0000 1.0000 7.1599 7.1599
144 7.1699 144.0000 144.0000 1.0000 1.0000 7.1699 7.1699
145 7.1799 145.0000 145.0000 1.0000 1.0000 7.1799 7.1799
146 7.1898 146.0000 146.0000 1.0000 1.0000 7.1898 7.1898
147 7.1997 147.0000 147.0000 1.0000 1.0000 7.1997 7.1997
148 7.2095 148.0000 148.0000 1.0000 1.0000 7.2095 7.2095
149 7.2192 149.0000 149.0000 1.0000 1.0000 7.2192 7.2192
150 7.2288 150.0000 150.0000 1.0000 1.0000 7.2288 7.2288
151 7.2384 151.0000 151.0000 1.0000 1.0000 7.2384 7.2384
152 7.2479 152.0000 152.0000 1.0000 1.0000 7.2479 7.2479
153 7.2574 153.0000 153.0000 1.0000 1.0000 7.2574 7.2574
154 7.2668 154.0000 154.0000 1.0000 1.0000 7.2668 7.2668
155 7.2761 155.0000 155.0000 1.0000 1.0000 7.2761 7.2761
156 7.2854 156.0000 156.0000 1.0000 1.0000 7.2854 7.2854
157 7.2946 157.0000 157.0000 1.0000 1.0000 7.2946 7.2946
158 7.3038 158.0000 158.0000 1.0000 1.0000 7.3038 7.3038
159 7.3129 159.0000 159.0000 1.0000 1.0000 7.3129 7.3129
160 7.3219 160.0000 160.0000 1.0000 1.0000 7.3219 7.3219
161 7.3309 161.0000 161.0000 1.0000 1.0000 7.3309 7.3309
162 7.3399 162.0000 162.0000 1.0000 1.0000 7.3399 7.3399
163 7.3487 163.0000 163.0000 1.0000 1.0000 7.3487 7.3487
164 7.3576 164.0000 164.0000 1.0000 1.0000 7.3576 7.3576
165 7.3663 165.0000 165.0000 1.0000 1.0000 7.3663 7.3663
166 7.3750 166.0000 166.0000 1.0000 1.0000 7.3750 7.3750
167 7.3837 167.0000 167.0000 1.0000 1.0000 7.3837 7.3837
168 7.3923 168.0000 168.0000 1.0000 1.0000 7.3923 7.3923
169 7.4009 169.0000 169.0000 1.0000 1.0000 7.4009 7.4009
170 7.4094 170.0000 170.0000 1.0000 1.0000 7.4094 7.4094
171 7.4179 171.0000 171.0000 1.0000 1.0000 7.4179 7.4179
172 7.4263 172.0000 172.0000 1.0000 1.0000 7.4263 7.4263
173 7.4346 173.0000 173.0000 1.0000 1.0000 7.4346 7.4346
174 7.4429 174.0000 174.0000 1.0000 1.0000 7.4429 7.4429
175 7.4512 175.0000 175.0000 1.0000 1.0000 7.4512 7.4512
176 7.4594 176.0000 176.0000 1.0000 1.0000 7.4594 7.4594
177 7.4676 177.0000 177.0000 1.0000 1.0000 7.4676 7.4676
178 7.4757 178.0000 178.0000 1.0000 1.0000 7.4757 7.4757
179 7.4838 179.0000 179.0000 1.0000 1.0000 7.4838 7.4838
180 7.4919 180.0000 180.0000 1.0000 1.0000 7.4919 7.4919
181 7.4998 181.0000 181.0000 1.0000 1.0000 7.4998 7.4998
182 7.5078 182.0000 182.0000 1.0000 1.0000 7.5078 7.5078
183 7.5157 183.0000 183.0000 1.0000 1.0000 7.5157 7.5157
184 7.5236 184.0000 184.0000 1.0000 1.0000 7.5236 7.5236
185 7.5314 185.0000 185.0000 1.0000 1.0000 7.5314 7.5314
186 7.5392 186.0000 186.0000 1.0000 1.0000 7.5392 7.5392
187 7.5469 187.0000 187.0000 1.0000 1.0000 7.5469 7.5469
188 7.5546 188.0000 188.0000 1.0000 1.0000 7.5546 7.5546
189 7.5622 189.0000 189.0000 1.0000 1.0000 7.5622 7.5622
190 7.5699 190.0000 190.0000 1.0000 1.0000 7.5699 7.5699
191 7.5774 191.0000 191.0000 1.0000 1.0000 7.5774 7.5774
192 7.5850 192.0000 192.0000 1.0000 1.0000 7.5850 7.5850
193 7.5925 193.0000 193.0000 1.0000 1.0000 7.5925 7.5925
194 7.5999 194.0000 194.0000 1.0000 1.0000 7.5999 7.5999
195 7.6073 195.0000 195.0000 1.0000 1.0000 7.6073 7.6073
196 7.6147 196.0000 196.0000 1.0000 1.0000 7.6147 7.6147
197 7.6221 197.0000 197.0000 1.0000 1.0000 7.6221 7.6221
198 7.6294 198.0000 198.0000 1.0000 1.0000 7.6294 7.6294
199 7.6366 199.0000 199.0000 1.0000 1.0000 7.6366 7.6366
200 7.6439 200.0000 200.0000 1.0000 1.0000 7.6439 7.6439
201 7.6511 201.0000 201.0000 1.0000 1.0000 7.6511 7.6511
202 7.6582 202.0000 202.0000 1.0000 1.0000 7.6582 7.6582
203 7.6653 203.0000 203.0000 1.0000 1.0000 7.6653 7.6653
204 7.6724 204.0000 204.0000 1.0000 1.0000 7.6724 7.6724
205 7.6795 205.0000 205.0000 1.0000 1.0000 7.6795 7.6795
206 7.6865 206.0000 206.0000 1.0000 1.0000 7.6865 7.6865
207 7.6935 207.0000 207.0000 1.0000 1.0000 7.6935 7.6935
208 7.7004 208.0000 208.0000 1.0000 1.0000 7.7004 7.7004
209 7.7074 209.0000 209.0000 1.0000 1.0000 7.7074 7.7074
210 7.7142 210.0000 210.0000 1.0000 1.0000 7.7142 7.7142
211 7.7211 211.0000 211.0000 1.0000 1.0000 7.7211 7.7211
212 7.7279 212.0000 212.0000 1.0000 1.0000 7.7279 7.7279
213 7.7347 213.0000 213.0000 1.0000 1.0000 7.7347 7.7347
214 7.7415 214.0000 214.0000 1.0000 1.0000 7.7415 7.7415
215 7.7482 215.0000 215.0000 1.0000 1.0000 7.7482 7.7482
216 7.7549 216.0000 216.0000 1.0000 1.0000 7.7549 7.7549
217 7.7616 217.0000 217.0000 1.0000 1.0000 7.7616 7.7616
218 7.7682 218.0000 218.0000 1.0000 1.0000 7.7682 7.7682
219 7.7748 219.0000 219.0000 1.0000 1.0000 7.7748 7.7748
220 7.7814 220.0000 220.0000 1.0000 1.0000 7.7814 7.7814
221 7.7879 221.0000 221.0000 1.0000 1.0000 7.7879 7.7879
222 7.7944 222.0000 222.0000 1.0000 1.0000 7.7944 7.7944
223 7.8009 223.0000 223.0000 1.0000 1.0000 7.8009 7.8009
224 7.8074 224.0000 224.0000 1.0000 1.0000 7.8074 7.8074
225 7.8138 225.0000 225.0000 1.0000 1.0000 7.8138 7.8138
226 7.8202 226.0000 226.0000 1.0000 1.0000 7.8202 7.8202
227 7.8265 227.0000 227.0000 1.0000 1.0000 7.8265 7.8265
228 7.8329 228.0000 228.0000 1.0000 1.0000 7.8329 7.8329
229 7.8392 229.0000 229.0000 1.0000 1.0000 7.8392 7.8392
230 7.8455 230.0000 230.0000 1.0000 1.0000 7.8455 7.8455
231 7.8517 231.0000 231.0000 1.0000 1.0000 7.8517 7.8517
232 7.8580 232.0000 232.0000 1.0000 1.0000 7.8580 7.8580
233 7.8642 233.0000 233.0000 1.0000 1.0000 7.8642 7.8642
234 7.8704 234.0000 234.0000 1.0000 1.0000 7.8704 7.8704
235 7.8765 235.0000 235.0000 1.0000 1.0000 7.8765 7.8765
236 7.8826 236.0000 236.0000 1.0000 1.0000 7.8826 7.8826
237 7.8887 237.0000 237.0000 1.0000 1.0000 7.8887 7.8887
238 7.8948 238.0000 238.0000 1.0000 1.0000 7.8948 7.8948
239 7.9009 239.0000 239.0000 1.0000 1.0000 7.9009 7.9009
240 7.9069 240.0000 240.0000 1.0000 1.0000 7.9069 7.9069
241 7.9129 241.0000 241.0000 1.0000 1.0000 7.9129 7.9129
242 7.9189 242.0000 242.0000 1.0000 1.0000 7.9189 7.9189
243 7.9248 243.0000 243.0000 1.0000 1.0000 7.9248 7.9248
244 7.9307 244.0000 244.0000 1.0000 1.0000 7.9307 7.9307
245 7.9366 245.0000 245.0000 1.0000 1.0000 7.9366 7.9366
246 7.9425 246.0000 246.0000 1.0000 1.0000 7.9425 7.9425
247 7.9484 247.0000 247.0000 1.0000 1.0000 7.9484 7.9484
248 7.9542 248.0000 248.0000 1.0000 1.0000 7.9542 7.9542
249 7.9600 249.0000 249.0000 1.0000 1.0000 7.9600 7.9600
250 7.9658 250.0000 250.0000 1.0000 1.0000 7.9658 7.9658
251 7.9715 251.0000 251.0000 1.0000 1.0000 7.9715 7.9715
252 7.9773 252.0000 252.0000 1.0000 1.0000 7.9773 7.9773
253 7.9830 253.0000 253.0000 1.0000 1.0000 7.9830 7.9830
254 7.9887 254.0000 254.0000 1.0000 1.0000 7.9887 7.9887
255 7.9944 255.0000 255.0000 1.0000 1.0000 7.9944 7.9944
256 8.0000 256.0000 256.0000 1.0000 1.0000 8.0000 8.0000
257 8.0056 257.0000 257.0000 1.0000 1.0000 8.0056 8.0056
258 8.0112 258.0000 258.0000 1.0000 1.0000 8.0112 8.0112
259 8.0168 259.0000 259.0000 1.0000 1.0000 8.0168 8.0168
260 8.0224 260.0000 260.0000 1.0000 1.0000 8.0224 8.0224
261 8.0279 261.0000 261.0000 1.0000 1.0000 8.0279 8.0279
262 8.0334 262.0000 262.0000 1.0000 1.0000 8.0334 8.0334
263 8.0389 263.0000 263.0000 1.0000 1.0000 8.0389 8.0389
264 8.0444 264.0000 264.0000 1.0000 1.0000 8.0444 8.0444
265 8.0498 265.0000 265.0000 1.0000 1.0000 8.0498 8.0498
266 8.0553 266.0000 266.0000 1.0000 1.0000 8.0553 8.0553
267 8.0607 267.0000 267.0000 1.0000 1.0000 8.0607 8.0607
268 8.0661 268.0000 268.0000 1.0000 1.0000 8.0661 8.0661
269 8.0715 269.0000 269.0000 1.0000 1.0000 8.0715 8.0715
270 8.0768 270.0000 270.0000 1.0000 1.0000 8.0768 8.0768
271 8.0821 271.0000 271.0000 1.0000 1.0000 8.0821 8.0821
272 8.0875 272.0000 272.0000 1.0000 1.0000 8.0875 8.0875
273 8.0928 273.0000 273.0000 1.0000 1.0000 8.0928 8.0928
274 8.0980 274.0000 274.0000 1.0000 1.0000 8.0980 8.0980
275 8.1033 275.0000 275.0000 1.0000 1.0000 8.1033 8.1033
276 8.1085 276.0000 276.0000 1.0000 1.0000 8.1085 8.1085
277 8.1137 277.0000 277.0000 1.0000 1.0000 8.1137 8.1137
278 8.1189 278.0000 278.0000 1.0000 1.0000 8.1189 8.1189
279 8.1241 279.0000 279.0000 1.0000 1.0000 8.1241 8.1241
280 8.1293 280.0000 280.0000 1.0000 1.0000 8.1293 8.1293
281 8.1344 281.0000 281.0000 1.0000 1.0000 8.1344 8.1344
282 8.1396 282.0000 282.0000 1.0000 1.0000 8.1396 8.1396
283 8.1447 283.0000 283.0000 1.0000 1.0000 8.1447 8.1447
284 8.1497 284.0000 284.0000 1.0000 1.0000 8.1497 8.1497
285 8.1548 285.0000 285.0000 1.0000 1.0000 8.1548 8.1548
286 8.1599 286.0000 286.0000 1.0000 1.0000 8.1599 8.1599
287 8.1649 287.0000 287.0000 1.0000 1.0000 8.1649 8.1649
288 8.1699 288.0000 288.0000 1.0000 1.0000 8.1699 8.1699
289 8.1749 289.0000 289.0000 1.0000 1.0000 8.1749 8.1749
290 8.1799 290.0000 290.0000 1.0000 1.0000 8.1799 8.1799
291 8.1849 291.0000 291.0000 1.0000 1.0000 8.1849 8.1849
292 8.1898 292.0000 292.0000 1.0000 1.0000 8.1898 8.1898
293 8.1948 293.0000 293.0000 1.0000 1.0000 8.1948 8.1948
294 8.1997 294.0000 294.0000 1.0000 1.0000 8.1997 8.1997
295 8.2046 295.0000 295.0000 1.0000 1.0000 8.2046 8.2046
296 8.2095 296.0000 296.0000 1.0000 1.0000 8.2095 8.2095
297 8.2143 297.0000 297.0000 1.0000 1.0000 8.2143 8.2143
298 8.2192 298.0000 298.0000 1.0000 1.0000 8.2192 8.2192
299 8.2240 299.0000 299.0000 1.0000 1.0000 8.2240 8.2240
300 8.2288 300.0000 300.0000 1.0000 1.0000 8.2288 8.2288
301 8.2336 301.0000 301.0000 1.0000 1.0000 8.2336 8.2336
302 8.2384 302.0000 302.0000 1.0000 1.0000 8.2384 8.2384
303 8.2432 303.0000 303.0000 1.0000 1.0000 8.2432 8.2432
304 8.2479 304.0000 304.0000 1.0000 1.0000 8.2479 8.2479
305 8.2527 305.0000 305.0000 1.0000 1.0000 8.2527 8.2527
306 8.2574 306.0000 306.0000 1.0000 1.0000 8.2574 8.2574
307 8.2621 307.0000 307.0000 1.0000 1.0000 8.2621 8.2621
308 8.2668 308.0000 308.0000 1.0000 1.0000 8.2668 8.2668
309 8.2715 309.0000 309.0000 1.0000 1.0000 8.2715 8.2715
310 8.2761 310.0000 310.0000 1.0000 1.0000 8.2761 8.2761
311 8.2808 311.0000 311.0000 1.0000 1.0000 8.2808 8.2808
312 8.2854 312.0000 312.0000 1.0000 1.0000 8.2854 8.2854
313 8.2900 313.0000 313.0000 1.0000 1.0000 8.2900 8.2900
314 8.2946 314.0000 314.0000 1.0000 1.0000 8.2946 8.2946
315 8.2992 315.0000 315.0000 1.0000 1.0000 8.2992 8.2992
316 8.3038 316.0000 316.0000 1.0000 1.0000 8.3038 8.3038
317 8.3083 317.0000 317.0000 1.0000 1.0000 8.3083 8.3083
318 8.3129 318.0000 318.0000 1.0000 1.0000 8.3129 8.3129
319 8.3174 319.0000 319.0000 1.0000 1.0000 8.3174 8.3174
320 8.3219 320.0000 320.0000 1.0000 1.0000 8.3219 8.3219
321 8.3264 321.0000 321.0000 1.0000 1.0000 8.3264 8.3264
322 8.3309 322.0000 322.0000 1.0000 1.0000 8.3309 8.3309
323 8.3354 323.0000 323.0000 1.0000 1.0000 8.3354 8.3354
324 8.3399 324.0000 324.0000 1.0000 1.0000 8.3399 8.3399
325 8.3443 325.0000 325.0000 1.0000 1.0000 8.3443 8.3443
326 8.3487 326.0000 326.0000 1.0000 1.0000 8.3487 8.3487
327 8.3531 327.0000 327.0000 1.0000 1.0000 8.3531 8.3531
328 8.3576 328.0000 328.0000 1.0000 1.0000 8.3576 8.3576
329 8.3619 329.0000 329.0000 1.0000 1.0000 8.3619 8.3619
330 8.3663 330.0000 330.0000 1.0000 1.0000 8.3663 8.3663
331 8.3707 331.0000 331.0000 1.0000 1.0000 8.3707 8.3707
332 8.3750 332.0000 332.0000 1.0000 1.0000 8.3750 8.3750
333 8.3794 333.0000 333.0000 1.0000 1.0000 8.3794 8.3794
334 8.3837 334.0000 334.0000 1.0000 1.0000 8.3837 8.3837
335 8.3880 335.0000 335.0000 1.0000 1.0000 8.3880 8.3880
336 8.3923 336.0000 336.0000 1.0000 1.0000 8.3923 8.3923
337 8.3966 337.0000 337.0000 1.0000 1.0000 8.3966 8.3966
338 8.4009 338.0000 338.0000 1.0000 1.0000 8.4009 8.4009
339 8.4051 339.0000 339.0000 1.0000 1.0000 8.4051 8.4051
340 8.4094 340.0000 340.0000 1.0000 1.0000 8.4094 8.4094
341 8.4136 341.0000 341.0000 1.0000 1.0000 8.4136 8.4136
342 8.4179 342.0000 342.0000 1.0000 1.0000 8.4179 8.4179
343 8.4221 343.0000 343.0000 1.0000 1.0000 8.4221 8.4221
344 8.4263 344.0000 344.0000 1.0000 1.0000 8.4263 8.4263
345 8.4305 345.0000 345.0000 1.0000 1.0000 8.4305 8.4305
346 8.4346 346.0000 346.0000 1.0000 1.0000 8.4346 8.4346
347 8.4388 347.0000 347.0000 1.0000 1.0000 8.4388 8.4388
348 8.4429 348.0000 348.0000 1.0000 1.0000 8.4429 8.4429
349 8.4471 349.0000 349.0000 1.0000 1.0000 8.4471 8.4471
350 8.4512 350.0000 350.0000 1.0000 1.0000 8.4512 8.4512
351 8.4553 351.0000 351.0000 1.0000 1.0000 8.4553 8.4553
352 8.4594 352.0000 352.0000 1.0000 1.0000 8.4594 8.4594
353 8.4635 353.0000 353.0000 1.0000 1.0000 8.4635 8.4635
354 8.4676 354.0000 354.0000 1.0000 1.0000 8.4676 8.4676
355 8.4717 355.0000 355.0000 1.0000 1.0000 8.4717 8.4717
356 8.4757 356.0000 356.0000 1.0000 1.0000 8.4757 8.4757
357 8.4798 357.0000 357.0000 1.0000 1.0000 8.4798 8.4798
358 8.4838 358.0000 358.0000 1.0000 1.0000 8.4838 8.4838
359 8.4878 359.0000 359.0000 1.0000 1.0000 8.4878 8.4878
360 8.4919 360.0000 360.0000 1.0000 1.0000 8.4919 8.4919
361 8.4959 361.0000 361.0000 1.0000 1.0000 8.4959 8.4959
362 8.4998 362.0000 362.0000 1.0000 1.0000 8.4998 8.4998
363 8.5038 363.0000 363.0000 1.0000 1.0000 8.5038 8.5038
364 8.5078 364.0000 364.0000 1.0000 1.0000 8.5078 8.5078
365 8.5118 365.0000 365.0000 1.0000 1.0000 8.5118 8.5118
366 8.5157 366.0000 366.0000 1.0000 1.0000 8.5157 8.5157
367 8.5196 367.0000 367.0000 1.0000 1.0000 8.5196 8.5196
368 8.5236 368.0000 368.0000 1.0000 1.0000 8.5236 8.5236
369 8.5275 369.0000 369.0000 1.0000 1.0000 8.5275 8.5275
370 8.5314 370.0000 370.0000 1.0000 1.0000 8.5314 8.5314
371 8.5353 371.0000 371.0000 1.0000 1.0000 8.5353 8.5353
372 8.5392 372.0000 372.0000 1.0000 1.0000 8.5392 8.5392
373 8.5430 373.0000 373.0000 1.0000 1.0000 8.5430 8.5430
374 8.5469 374.0000 374.0000 1.0000 1.0000 8.5469 8.5469
375 8.5507 375.0000 375.0000 1.0000 1.0000 8.5507 8.5507
376 8.5546 376.0000 376.0000 1.0000 1.0000 8.5546 8.5546
377 8.5584 377.0000 377.0000 1.0000 1.0000 8.5584 8.5584
378 8.5622 378.0000 378.0000 1.0000 1.0000 8.5622 8.5622
379 8.5661 379.0000 379.0000 1.0000 1.0000 8.5661 8.5661
380 8.5699 380.0000 380.0000 1.0000 1.0000 8.5699 8.5699
381 8.5736 381.0000 381.0000 1.0000 1.0000 8.5736 8.5736
382 8.5774 382.0000 382.0000 1.0000 1.0000 8.5774 8.5774
383 8.5812 383.0000 383.0000 1.0000 1.0000 8.5812 8.5812
384 8.5850 384.0000 384.0000 1.0000 1.0000 8.5850 8.5850
385 8.5887 385.0000 385.0000 1.0000 1.0000 8.5887 8.5887
386 8.5925 386.0000 386.0000 1.0000 1.0000 8.5925 8.5925
387 8.5962 387.0000 387.0000 1.0000 1.0000 8.5962 8.5962
388 8.5999 388.0000 388.0000 1.0000 1.0000 8.5999 8.5999
389 8.6036 389.0000 389.0000 1.0000 1.0000 8.6036 8.6036
390 8.6073 390.0000 390.0000 1.0000 1.0000 8.6073 8.6073
391 8.6110 391.0000 391.0000 1.0000 1.0000 8.6110 8.6110
392 8.6147 392.0000 392.0000 1.0000 1.0000 8.6147 8.6147
393 8.6184 393.0000 393.0000 1.0000 1.0000 8.6184 8.6184
394 8.6221 394.0000 394.0000 1.0000 1.0000 8.6221 8.6221
395 8.6257 395.0000 395.0000 1.0000 1.0000 8.6257 8.6257
396 8.6294 396.0000 396.0000 1.0000 1.0000 8.6294 8.6294
397 8.6330 397.0000 397.0000 1.0000 1.0000 8.6330 8.6330
398 8.6366 398.0000 398.0000 1.0000 1.0000 8.6366 8.6366
399 8.6402 399.0000 399.0000 1.0000 1.0000 8.6402 8.6402
400 8.6439 400.0000 400.0000 1.0000 1.0000 8.6439 8.6439
401 8.6475 401.0000 401.0000 1.0000 1.0000 8.6475 8.6475
402 8.6511 402.0000 402.0000 1.0000 1.0000 8.6511 8.6511
403 8.6546 403.0000 403.0000 1.0000 1.0000 8.6546 8.6546
404 8.6582 404.0000 404.0000 1.0000 1.0000 8.6582 8.6582
405 8.6618 405.0000 405.0000 1.0000 1.0000 8.6618 8.6618
406 8.6653 406.0000 406.0000 1.0000 1.0000 8.6653 8.6653
407 8.6689 407.0000 407.0000 1.0000 1.0000 8.6689 8.6689
408 8.6724 408.0000 408.0000 1.0000 1.0000 8.6724 8.6724
409 8.6760 409.0000 409.0000 1.0000 1.0000 8.6760 8.6760
410 8.6795 410.0000 410.0000 1.0000 1.0000 8.6795 8.6795
411 8.6830 411.0000 411.0000 1.0000 1.0000 8.6830 8.6830
412 8.6865 412.0000 412.0000 1.0000 1.0000 8.6865 8.6865
413 8.6900 413.0000 413.0000 1.0000 1.0000 8.6900 8.6900
414 8.6935 414.0000 414.0000 1.0000 1.0000 8.6935 8.6935
415 8.6970 415.0000 415.0000 1.0000 1.0000 8.6970 8.6970
416 8.7004 416.0000 416.0000 1.0000 1.0000 8.7004 8.7004
417 8.7039 417.0000 417.0000 1.0000 1.0000 8.7039 8.7039
418 8.7074 418.0000 418.0000 1.0000 1.0000 8.7074 8.7074
419 8.7108 419.0000 419.0000 1.0000 1.0000 8.7108 8.7108
420 8.7142 420.0000 420.0000 1.0000 1.0000 8.7142 8.7142
421 8.7177 421.0000 421.0000 1.0000 1.0000 8.7177 8.7177
422 8.7211 422.0000 422.0000 1.0000 1.0000 8.7211 8.7211
423 8.7245 423.0000 423.0000 1.0000 1.0000 8.7245 8.7245
424 8.7279 424.0000 424.0000 1.0000 1.0000 8.7279 8.7279
425 8.7313 425.0000 425.0000 1.0000 1.0000 8.7313 8.7313
426 8.7347 426.0000 426.0000 1.0000 1.0000 8.7347 8.7347
427 8.7381 427.0000 427.0000 1.0000 1.0000 8.7381 8.7381
428 8.7415 428.0000 428.0000 1.0000 1.0000 8.7415 8.7415
429 8.7448 429.0000 429.0000 1.0000 1.0000 8.7448 8.7448
430 8.7482 430.0000 430.0000 1.0000 1.0000 8.7482 8.7482
431 8.7515 431.0000 431.0000 1.0000 1.0000 8.7515 8.7515
432 8.7549 432.0000 432.0000 1.0000 1.0000 8.7549 8.7549
433 8.7582 433.0000 433.0000 1.0000 1.0000 8.7582 8.7582
434 8.7616 434.0000 434.0000 1.0000 1.0000 8.7616 8.7616
435 8.7649 435.0000 435.0000 1.0000 1.0000 8.7649 8.7649
436 8.7682 436.0000 436.0000 1.0000 1.0000 8.7682 8.7682
437 8.7715 437.0000 437.0000 1.0000 1.0000 8.7715 8.7715
438 8.7748 438.0000 438.0000 1.0000 1.0000 8.7748 8.7748
439 8.7781 439.0000 439.0000 1.0000 1.0000 8.7781 8.7781
440 8.7814 440.0000 440.0000 1.0000 1.0000 8.7814 8.7814
441 8.7846 441.0000 441.0000 1.0000 1.0000 8.7846 8.7846
442 8.7879 442.0000 442.0000 1.0000 1.0000 8.7879 8.7879
443 8.7912 443.0000 443.0000 1.0000 1.0000 8.7912 8.7912
444 8.7944 444.0000 444.0000 1.0000 1.0000 8.7944 8.7944
445 8.7977 445.0000 445.0000 1.0000 1.0000 8.7977 8.7977
446 8.8009 446.0000 446.0000 1.0000 1.0000 8.8009 8.8009
447 8.8041 447.0000 447.0000 1.0000 1.0000 8.8041 8.8041
448 8.8074 448.0000 448.0000 1.0000 1.0000 8.8074 8.8074
449 8.8106 449.0000 449.0000 1.0000 1.0000 8.8106 8.8106
450 8.8138 450.0000 450.0000 1.0000 1.0000 8.8138 8.8138
451 8.8170 451.0000 451.0000 1.0000 1.0000 8.8170 8.8170
452 8.8202 452.0000 452.0000 1.0000 1.0000 8.8202 8.8202
453 8.8234 453.0000 453.0000 1.0000 1.0000 8.8234 8.8234
454 8.8265 454.0000 454.0000 1.0000 1.0000 8.8265 8.8265
455 8.8297 455.0000 455.0000 1.0000 1.0000 8.8297 8.8297
456 8.8329 456.0000 456.0000 1.0000 1.0000 8.8329 8.8329
457 8.8361 457.0000 457.0000 1.0000 1.0000 8.8361 8.8361
458 8.8392 458.0000 458.0000 1.0000 1.0000 8.8392 8.8392
459 8.8424 459.0000 459.0000 1.0000 1.0000 8.8424 8.8424
460 8.8455 460.0000 460.0000 1.0000 1.0000 8.8455 8.8455
461 8.8486 461.0000 461.0000 1.0000 1.0000 8.8486 8.8486
462 8.8517 462.0000 462.0000 1.0000 1.0000 8.8517 8.8517
463 8.8549 463.0000 463.0000 1.0000 1.0000 8.8549 8.8549
464 8.8580 464.0000 464.0000 1.0000 1.0000 8.8580 8.8580
465 8.8611 465.0000 465.0000 1.0000 1.0000 8.8611 8.8611
466 8.8642 466.0000 466.0000 1.0000 1.0000 8.8642 8.8642
467 8.8673 467.0000 467.0000 1.0000 1.0000 8.8673 8.8673
468 8.8704 468.0000 468.0000 1.0000 1.0000 8.8704 8.8704
469 8.8734 469.0000 469.0000 1.0000 1.0000 8.8734 8.8734
470 8.8765 470.0000 470.0000 1.0000 1.0000 8.8765 8.8765
471 8.8796 471.0000 471.0000 1.0000 1.0000 8.8796 8.8796
472 8.8826 472.0000 472.0000 1.0000 1.0000 8.8826 8.8826
473 8.8857 473.0000 473.0000 1.0000 1.0000 8.8857 8.8857
474 8.8887 474.0000 474.0000 1.0000 1.0000 8.8887 8.8887
475 8.8918 475.0000 475.0000 1.0000 1.0000 8.8918 8.8918
476 8.8948 476.0000 476.0000 1.0000 1.0000 8.8948 8.8948
477 8.8978 477.0000 477.0000 1.0000 1.0000 8.8978 8.8978
478 8.9009 478.0000 478.0000 1.0000 1.0000 8.9009 8.9009
479 8.9039 479.0000 479.0000 1.0000 1.0000 8.9039 8.9039
480 8.9069 480.0000 480.0000 1.0000 1.0000 8.9069 8.9069
481 8.9099 481.0000 481.0000 1.0000 1.0000 8.9099 8.9099
482 8.9129 482.0000 482.0000 1.0000 1.0000 8.9129 8.9129
483 8.9159 483.0000 483.0000 1.0000 1.0000 8.9159 8.9159
484 8.9189 484.0000 484.0000 1.0000 1.0000 8.9189 8.9189
485 8.9218 485.0000 485.0000 1.0000 1.0000 8.9218 8.9218
486 8.9248 486.0000 486.0000 1.0000 1.0000 8.9248 8.9248
487 8.9278 487.0000 487.0000 1.0000 1.0000 8.9278 8.9278
488 8.9307 488.0000 488.0000 1.0000 1.0000 8.9307 8.9307
489 8.9337 489.0000 489.0000 1.0000 1.0000 8.9337 8.9337
490 8.9366 490.0000 490.0000 1.0000 1.0000 8.9366 8.9366
491 8.9396 491.0000 491.0000 1.0000 1.0000 8.9396 8.9396
492 8.9425 492.0000 492.0000 1.0000 1.0000 8.9425 8.9425
493 8.9454 493.0000 493.0000 1.0000 1.0000 8.9454 8.9454
494 8.9484 494.0000 494.0000 1.0000 1.0000 8.9484 8.9484
495 8.9513 495.0000 495.0000 1.0000 1.0000 8.9513 8.9513
496 8.9542 496.0000 496.0000 1.0000 1.0000 8.9542 8.9542
497 8.9571 497.0000 497.0000 1.0000 1.0000 8.9571 8.9571
498 8.9600 498.0000 498.0000 1.0000 1.0000 8.9600 8.9600
499 8.9629 499.0000 499.0000 1.0000 1.0000 8.9629 8.9629
500 8.9658 500.0000 500.0000 1.0000 1.0000 8.9658 8.9658
501 8.9687 501.0000 501.0000 1.0000 1.0000 8.9687 8.9687
502 8.9715 502.0000 502.0000 1.0000 1.0000 8.9715 8.9715
503 8.9744 503.0000 503.0000 1.0000 1.0000 8.9744 8.9744
504 8.9773 504.0000 504.0000 1.0000 1.0000 8.9773 8.9773
505 8.9801 505.0000 505.0000 1.0000 1.0000 8.9801 8.9801
506 8.9830 506.0000 506.0000 1.0000 1.0000 8.9830 8.9830
507 8.9858 507.0000 507.0000 1.0000 1.0000 8.9858 8.9858
508 8.9887 508.0000 508.0000 1.0000 1.0000 8.9887 8.9887
509 8.9915 509.0000 509.0000 1.0000 1.0000 8.9915 8.9915
510 8.9944 510.0000 510.0000 1.0000 1.0000 8.9944 8.9944
511 8.9972 511.0000 511.0000 1.0000 1.0000 8.9972 8.9972
512 9.0000 512.0000 512.0000 1.0000 1.0000 9.0000 9.0000
513 9.0028 513.0000 513.0000 1.0000 1.0000 9.0028 9.0028
514 9.0056 514.0000 514.0000 1.0000 1.0000 9.0056 9.0056
515 9.0084 515.0000 515.0000 1.0000 1.0000 9.0084 9.0084
516 9.0112 516.0000 516.0000 1.0000 1.0000 9.0112 9.0112
517 9.0140 517.0000 517.0000 1.0000 1.0000 9.0140 9.0140
518 9.0168 518.0000 518.0000 1.0000 1.0000 9.0168 9.0168
519 9.0196 519.0000 519.0000 1.0000 1.0000 9.0196 9.0196
520 9.0224 520.0000 520.0000 1.0000 1.0000 9.0224 9.0224
521 9.0251 521.0000 521.0000 1.0000 1.0000 9.0251 9.0251
522 9.0279 522.0000 522.0000 1.0000 1.0000 9.0279 9.0279
523 9.0307 523.0000 523.0000 1.0000 1.0000 9.0307 9.0307
524 9.0334 524.0000 524.0000 1.0000 1.0000 9.0334 9.0334
525 9.0362 525.0000 525.0000 1.0000 1.0000 9.0362 9.0362
526 9.0389 526.0000 526.0000 1.0000 1.0000 9.0389 9.0389
527 9.0417 527.0000 527.0000 1.0000 1.0000 9.0417 9.0417
528 9.0444 528.0000 528.0000 1.0000 1.0000 9.0444 9.0444
529 9.0471 529.0000 529.0000 1.0000 1.0000 9.0471 9.0471
530 9.0498 530.0000 530.0000 1.0000 1.0000 9.0498 9.0498
531 9.0526 531.0000 531.0000 1.0000 1.0000 9.0526 9.0526
532 9.0553 532.0000 532.0000 1.0000 1.0000 9.0553 9.0553
533 9.0580 533.0000 533.0000 1.0000 1.0000 9.0580 9.0580
534 9.0607 534.0000 534.0000 1.0000 1.0000 9.0607 9.0607
535 9.0634 535.0000 535.0000 1.0000 1.0000 9.0634 9.0634
536 9.0661 536.0000 536.0000 1.0000 1.0000 9.0661 9.0661
537 9.0688 537.0000 537.0000 1.0000 1.0000 9.0688 9.0688
538 9.0715 538.0000 538.0000 1.0000 1.0000 9.0715 9.0715
539 9.0741 539.0000 539.0000 1.0000 1.0000 9.0741 9.0741
540 9.0768 540.0000 540.0000 1.0000 1.0000 9.0768 9.0768
541 9.0795 541.0000 541.0000 1.0000 1.0000 9.0795 9.0795
542 9.0821 542.0000 542.0000 1.0000 1.0000 9.0821 9.0821
543 9.0848 543.0000 543.0000 1.0000 1.0000 9.0848 9.0848
544 9.0875 544.0000 544.0000 1.0000 1.0000 9.0875 9.0875
545 9.0901 545.0000 545.0000 1.0000 1.0000 9.0901 9.0901
546 9.0928 546.0000 546.0000 1.0000 1.0000 9.0928 9.0928
547 9.0954 547.0000 547.0000 1.0000 1.0000 9.0954 9.0954
548 9.0980 548.0000 548.0000 1.0000 1.0000 9.0980 9.0980
549 9.1007 549.0000 549.0000 1.0000 1.0000 9.1007 9.1007
550 9.1033 550.0000 550.0000 1.0000 1.0000 9.1033 9.1033
551 9.1059 551.0000 551.0000 1.0000 1.0000 9.1059 9.1059
552 9.1085 552.0000 552.0000 1.0000 1.0000 9.1085 9.1085
553 9.1111 553.0000 553.0000 1.0000 1.0000 9.1111 9.1111
554 9.1137 554.0000 554.0000 1.0000 1.0000 9.1137 9.1137
555 9.1163 555.0000 555.0000 1.0000 1.0000 9.1163 9.1163
556 9.1189 556.0000 556.0000 1.0000 1.0000 9.1189 9.1189
557 9.1215 557.0000 557.0000 1.0000 1.0000 9.1215 9.1215
558 9.1241 558.0000 558.0000 1.0000 1.0000 9.1241 9.1241
559 9.1267 559.0000 559.0000 1.0000 1.0000 9.1267 9.1267
560 9.1293 560.0000 560.0000 1.0000 1.0000 9.1293 9.1293
561 9.1319 561.0000 561.0000 1.0000 1.0000 9.1319 9.1319
562 9.1344 562.0000 562.0000 1.0000 1.0000 9.1344 9.1344
563 9.1370 563.0000 563.0000 1.0000 1.0000 9.1370 9.1370
564 9.1396 564.0000 564.0000 1.0000 1.0000 9.1396 9.1396
565 9.1421 565.0000 565.0000 1.0000 1.0000 9.1421 9.1421
566 9.1447 566.0000 566.0000 1.0000 1.0000 9.1447 9.1447
567 9.1472 567.0000 567.0000 1.0000 1.0000 9.1472 9.1472
568 9.1497 568.0000 568.0000 1.0000 1.0000 9.1497 9.1497
569 9.1523 569.0000 569.0000 1.0000 1.0000 9.1523 9.1523
570 9.1548 570.0000 570.0000 1.0000 1.0000 9.1548 9.1548
571 9.1573 571.0000 571.0000 1.0000 1.0000 9.1573 9.1573
572 9.1599 572.0000 572.0000 1.0000 1.0000 9.1599 9.1599
573 9.1624 573.0000 573.0000 1.0000 1.0000 9.1624 9.1624
574 9.1649 574.0000 574.0000 1.0000 1.0000 9.1649 9.1649
575 9.1674 575.0000 575.0000 1.0000 1.0000 9.1674 9.1674
576 9.1699 576.0000 576.0000 1.0000 1.0000 9.1699 9.1699
577 9.1724 577.0000 577.0000 1.0000 1.0000 9.1724 9.1724
578 9.1749 578.0000 578.0000 1.0000 1.0000 9.1749 9.1749
579 9.1774 579.0000 579.0000 1.0000 1.0000 9.1774 9.1774
580 9.1799 580.0000 580.0000 1.0000 1.0000 9.1799 9.1799
581 9.1824 581.0000 581.0000 1.0000 1.0000 9.1824 9.1824
582 9.1849 582.0000 582.0000 1.0000 1.0000 9.1849 9.1849
583 9.1874 583.0000 583.0000 1.0000 1.0000 9.1874 9.1874
584 9.1898 584.0000 584.0000 1.0000 1.0000 9.1898 9.1898
585 9.1923 585.0000 585.0000 1.0000 1.0000 9.1923 9.1923
586 9.1948 586.0000 586.0000 1.0000 1.0000 9.1948 9.1948
587 9.1972 587.0000 587.0000 1.0000 1.0000 9.1972 9.1972
588 9.1997 588.0000 588.0000 1.0000 1.0000 9.1997 9.1997
589 9.2021 589.0000 589.0000 1.0000 1.0000 9.2021 9.2021
590 9.2046 590.0000 590.0000 1.0000 1.0000 9.2046 9.2046
591 9.2070 591.0000 591.0000 1.0000 1.0000 9.2070 9.2070
592 9.2095 592.0000 592.0000 1.0000 1.0000 9.2095 9.2095
593 9.2119 593.0000 593.0000 1.0000 1.0000 9.2119 9.2119
594 9.2143 594.0000 594.0000 1.0000 1.0000 9.2143 9.2143
595 9.2167 595.0000 595.0000 1.0000 1.0000 9.2167 9.2167
596 9.2192 596.0000 596.0000 1.0000 1.0000 9.2192 9.2192
597 9.2216 597.0000 597.0000 1.0000 1.0000 9.2216 9.2216
598 9.2240 598.0000 598.0000 1.0000 1.0000 9.2240 9.2240
599 9.2264 599.0000 599.0000 1.0000 1.0000 9.2264 9.2264
600 9.2288 600.0000 600.0000 1.0000 1.0000 9.2288 9.2288
601 9.2312 601.0000 601.0000 1.0000 1.0000 9.2312 9.2312
602 9.2336 602.0000 602.0000 1.0000 1.0000 9.2336 9.2336
603 9.2360 603.0000 603.0000 1.0000 1.0000 9.2360 9.2360
604 9.2384 604.0000 604.0000 1.0000 1.0000 9.2384 9.2384
605 9.2408 605.0000 605.0000 1.0000 1.0000 9.2408 9.2408
606 9.2432 606.0000 606.0000 1.0000 1.0000 9.2432 9.2432
607 9.2456 607.0000 607.0000 1.0000 1.0000 9.2456 9.2456
608 9.2479 608.0000 608.0000 1.0000 1.0000 9.2479 9.2479
609 9.2503 609.0000 609.0000 1.0000 1.0000 9.2503 9.2503
610 9.2527 610.0000 610.0000 1.0000 1.0000 9.2527 9.2527
611 9.2550 611.0000 611.0000 1.0000 1.0000 9.2550 9.2550
612 9.2574 612.0000 612.0000 1.0000 1.0000 9.2574 9.2574
613 9.2597 613.0000 613.0000 1.0000 1.0000 9.2597 9.2597
614 9.2621 614.0000 614.0000 1.0000 1.0000 9.2621 9.2621
615 9.2644 615.0000 615.0000 1.0000 1.0000 9.2644 9.2644
616 9.2668 616.0000 616.0000 1.0000 1.0000 9.2668 9.2668
617 9.2691 617.0000 617.0000 1.0000 1.0000 9.2691 9.2691
618 9.2715 618.0000 618.0000 1.0000 1.0000 9.2715 9.2715
619 9.2738 619.0000 619.0000 1.0000 1.0000 9.2738 9.2738
620 9.2761 620.0000 620.0000 1.0000 1.0000 9.2761 9.2761
621 9.2784 621.0000 621.0000 1.0000 1.0000 9.2784 9.2784
622 9.2808 622.0000 622.0000 1.0000 1.0000 9.2808 9.2808
623 9.2831 623.0000 623.0000 1.0000 1.0000 9.2831 9.2831
624 9.2854 624.0000 624.0000 1.0000 1.0000 9.2854 9.2854
625 9.2877 625.0000 625.0000 1.0000 1.0000 9.2877 9.2877
626 9.2900 626.0000 626.0000 1.0000 1.0000 9.2900 9.2900
627 9.2923 627.0000 627.0000 1.0000 1.0000 9.2923 9.2923
628 9.2946 628.0000 628.0000 1.0000 1.0000 9.2946 9.2946
629 9.2969 629.0000 629.0000 1.0000 1.0000 9.2969 9.2969
630 9.2992 630.0000 630.0000 1.0000 1.0000 9.2992 9.2992
631 9.3015 631.0000 631.0000 1.0000 1.0000 9.3015 9.3015
632 9.3038 632.0000 632.0000 1.0000 1.0000 9.3038 9.3038
633 9.3061 633.0000 633.0000 1.0000 1.0000 9.3061 9.3061
634 9.3083 634.0000 634.0000 1.0000 1.0000 9.3083 9.3083
635 9.3106 635.0000 635.0000 1.0000 1.0000 9.3106 9.3106
636 9.3129 636.0000 636.0000 1.0000 1.0000 9.3129 9.3129
637 9.3151 637.0000 637.0000 1.0000 1.0000 9.3151 9.3151
638 9.3174 638.0000 638.0000 1.0000 1.0000 9.3174 9.3174
639 9.3197 639.0000 639.0000 1.0000 1.0000 9.3197 9.3197
640 9.3219 640.0000 640.0000 1.0000 1.0000 9.3219 9.3219
641 9.3242 641.0000 641.0000 1.0000 1.0000 9.3242 9.3242
642 9.3264 642.0000 642.0000 1.0000 1.0000 9.3264 9.3264
643 9.3287 643.0000 643.0000 1.0000 1.0000 9.3287 9.3287
644 9.3309 644.0000 644.0000 1.0000 1.0000 9.3309 9.3309
645 9.3332 645.0000 645.0000 1.0000 1.0000 9.3332 9.3332
646 9.3354 646.0000 646.0000 1.0000 1.0000 9.3354 9.3354
647 9.3376 647.0000 647.0000 1.0000 1.0000 9.3376 9.3376
648 9.3399 648.0000 648.0000 1.0000 1.0000 9.3399 9.3399
649 9.3421 649.0000 649.0000 1.0000 1.0000 9.3421 9.3421
650 9.3443 650.0000 650.0000 1.0000 1.0000 9.3443 9.3443
651 9.3465 651.0000 651.0000 1.0000 1.0000 9.3465 9.3465
652 9.3487 652.0000 652.0000 1.0000 1.0000 9.3487 9.3487
653 9.3509 653.0000 653.0000 1.0000 1.0000 9.3509 9.3509
654 9.3531 654.0000 654.0000 1.0000 1.0000 9.3531 9.3531
655 9.3554 655.0000 655.0000 1.0000 1.0000 9.3554 9.3554
656 9.3576 656.0000 656.0000 1.0000 1.0000 9.3576 9.3576
657 9.3597 657.0000 657.0000 1.0000 1.0000 9.3597 9.3597
658 9.3619 658.0000 658.0000 1.0000 1.0000 9.3619 9.3619
659 9.3641 659.0000 659.0000 1.0000 1.0000 9.3641 9.3641
660 9.3663 660.0000 660.0000 1.0000 1.0000 9.3663 9.3663
661 9.3685 661.0000 661.0000 1.0000 1.0000 9.3685 9.3685
662 9.3707 662.0000 662.0000 1.0000 1.0000 9.3707 9.3707
663 9.3729 663.0000 663.0000 1.0000 1.0000 9.3729 9.3729
664 9.3750 664.0000 664.0000 1.0000 1.0000 9.3750 9.3750
665 9.3772 665.0000 665.0000 1.0000 1.0000 9.3772 9.3772
666 9.3794 666.0000 666.0000 1.0000 1.0000 9.3794 9.3794
667 9.3815 667.0000 667.0000 1.0000 1.0000 9.3815 9.3815
668 9.3837 668.0000 668.0000 1.0000 1.0000 9.3837 9.3837
669 9.3859 669.0000 669.0000 1.0000 1.0000 9.3859 9.3859
670 9.3880 670.0000 670.0000 1.0000 1.0000 9.3880 9.3880
671 9.3902 671.0000 671.0000 1.0000 1.0000 9.3902 9.3902
672 9.3923 672.0000 672.0000 1.0000 1.0000 9.3923 9.3923
673 9.3945 673.0000 673.0000 1.0000 1.0000 9.3945 9.3945
674 9.3966 674.0000 674.0000 1.0000 1.0000 9.3966 9.3966
675 9.3987 675.0000 675.0000 1.0000 1.0000 9.3987 9.3987
676 9.4009 676.0000 676.0000 1.0000 1.0000 9.4009 9.4009
677 9.4030 677.0000 677.0000 1.0000 1.0000 9.4030 9.4030
678 9.4051 678.0000 678.0000 1.0000 1.0000 9.4051 9.4051
679 9.4073 679.0000 679.0000 1.0000 1.0000 9.4073 9.4073
680 9.4094 680.0000 680.0000 1.0000 1.0000 9.4094 9.4094
681 9.4115 681.0000 681.0000 1.0000 1.0000 9.4115 9.4115
682 9.4136 682.0000 682.0000 1.0000 1.0000 9.4136 9.4136
683 9.4157 683.0000 683.0000 1.0000 1.0000 9.4157 9.4157
684 9.4179 684.0000 684.0000 1.0000 1.0000 9.4179 9.4179
685 9.4200 685.0000 685.0000 1.0000 1.0000 9.4200 9.4200
686 9.4221 686.0000 686.0000 1.0000 1.0000 9.4221 9.4221
687 9.4242 687.0000 687.0000 1.0000 1.0000 9.4242 9.4242
688 9.4263 688.0000 688.0000 1.0000 1.0000 9.4263 9.4263
689 9.4284 689.0000 689.0000 1.0000 1.0000 9.4284 9.4284
690 9.4305 690.0000 690.0000 1.0000 1.0000 9.4305 9.4305
691 9.4325 691.0000 691.0000 1.0000 1.0000 9.4325 9.4325
692 9.4346 692.0000 692.0000 1.0000 1.0000 9.4346 9.4346
693 9.4367 693.0000 693.0000 1.0000 1.0000 9.4367 9.4367
694 9.4388 694.0000 694.0000 1.0000 1.0000 9.4388 9.4388
695 9.4409 695.0000 695.0000 1.0000 1.0000 9.4409 9.4409
696 9.4429 696.0000 696.0000 1.0000 1.0000 9.4429 9.4429
697 9.4450 697.0000 697.0000 1.0000 1.0000 9.4450 9.4450
698 9.4471 698.0000 698.0000 1.0000 1.0000 9.4471 9.4471
699 9.4491 699.0000 699.0000 1.0000 1.0000 9.4491 9.4491
700 9.4512 700.0000 700.0000 1.0000 1.0000 9.4512 9.4512
701 9.4533 701.0000 701.0000 1.0000 1.0000 9.4533 9.4533
702 9.4553 702.0000 702.0000 1.0000 1.0000 9.4553 9.4553
703 9.4574 703.0000 703.0000 1.0000 1.0000 9.4574 9.4574
704 9.4594 704.0000 704.0000 1.0000 1.0000 9.4594 9.4594
705 9.4615 705.0000 705.0000 1.0000 1.0000 9.4615 9.4615
706 9.4635 706.0000 706.0000 1.0000 1.0000 9.4635 9.4635
707 9.4656 707.0000 707.0000 1.0000 1.0000 9.4656 9.4656
708 9.4676 708.0000 708.0000 1.0000 1.0000 9.4676 9.4676
709 9.4696 709.0000 709.0000 1.0000 1.0000 9.4696 9.4696
710 9.4717 710.0000 710.0000 1.0000 1.0000 9.4717 9.4717
711 9.4737 711.0000 711.0000 1.0000 1.0000 9.4737 9.4737
712 9.4757 712.0000 712.0000 1.0000 1.0000 9.4757 9.4757
713 9.4778 713.0000 713.0000 1.0000 1.0000 9.4778 9.4778
714 9.4798 714.0000 714.0000 1.0000 1.0000 9.4798 9.4798
715 9.4818 715.0000 715.0000 1.0000 1.0000 9.4818 9.4818
716 9.4838 716.0000 716.0000 1.0000 1.0000 9.4838 9.4838
717 9.4858 717.0000 717.0000 1.0000 1.0000 9.4858 9.4858
718 9.4878 718.0000 718.0000 1.0000 1.0000 9.4878 9.4878
719 9.4898 719.0000 719.0000 1.0000 1.0000 9.4898 9.4898
720 9.4919 720.0000 720.0000 1.0000 1.0000 9.4919 9.4919
721 9.4939 721.0000 721.0000 1.0000 1.0000 9.4939 9.4939
722 9.4959 722.0000 722.0000 1.0000 1.0000 9.4959 9.4959
723 9.4979 723.0000 723.0000 1.0000 1.0000 9.4979 9.4979
724 9.4998 724.0000 724.0000 1.0000 1.0000 9.4998 9.4998
725 9.5018 725.0000 725.0000 1.0000 1.0000 9.5018 9.5018
726 9.5038 726.0000 726.0000 1.0000 1.0000 9.5038 9.5038
727 9.5058 727.0000 727.0000 1.0000 1.0000 9.5058 9.5058
728 9.5078 728.0000 728.0000 1.0000 1.0000 9.5078 9.5078
729 9.5098 729.0000 729.0000 1.0000 1.0000 9.5098 9.5098
730 9.5118 730.0000 730.0000 1.0000 1.0000 9.5118 9.5118
731 9.5137 731.0000 731.0000 1.0000 1.0000 9.5137 9.5137
732 9.5157 732.0000 732.0000 1.0000 1.0000 9.5157 9.5157
733 9.5177 733.0000 733.0000 1.0000 1.0000 9.5177 9.5177
734 9.5196 734.0000 734.0000 1.0000 1.0000 9.5196 9.5196
735 9.5216 735.0000 735.0000 1.0000 1.0000 9.5216 9.5216
736 9.5236 736.0000 736.0000 1.0000 1.0000 9.5236 9.5236
737 9.5255 737.0000 737.0000 1.0000 1.0000 9.5255 9.5255
738 9.5275 738.0000 738.0000 1.0000 1.0000 9.5275 9.5275
739 9.5294 739.0000 739.0000 1.0000 1.0000 9.5294 9.5294
740 9.5314 740.0000 740.0000 1.0000 1.0000 9.5314 9.5314
741 9.5333 741.0000 741.0000 1.0000 1.0000 9.5333 9.5333
742 9.5353 742.0000 742.0000 1.0000 1.0000 9.5353 9.5353
743 9.5372 743.0000 743.0000 1.0000 1.0000 9.5372 9.5372
744 9.5392 744.0000 744.0000 1.0000 1.0000 9.5392 9.5392
745 9.5411 745.0000 745.0000 1.0000 1.0000 9.5411 9.5411
746 9.5430 746.0000 746.0000 1.0000 1.0000 9.5430 9.5430
747 9.5450 747.0000 747.0000 1.0000 1.0000 9.5450 9.5450
748 9.5469 748.0000 748.0000 1.0000 1.0000 9.5469 9.5469
749 9.5488 749.0000 749.0000 1.0000 1.0000 9.5488 9.5488
750 9.5507 750.0000 750.0000 1.0000 1.0000 9.5507 9.5507
751 9.5527 751.0000 751.0000 1.0000 1.0000 9.5527 9.5527
752 9.5546 752.0000 752.0000 1.0000 1.0000 9.5546 9.5546
753 9.5565 753.0000 753.0000 1.0000 1.0000 9.5565 9.5565
754 9.5584 754.0000 754.0000 1.0000 1.0000 9.5584 9.5584
755 9.5603 755.0000 755.0000 1.0000 1.0000 9.5603 9.5603
756 9.5622 756.0000 756.0000 1.0000 1.0000 9.5622 9.5622
757 9.5641 757.0000 757.0000 1.0000 1.0000 9.5641 9.5641
758 9.5661 758.0000 758.0000 1.0000 1.0000 9.5661 9.5661
759 9.5680 759.0000 759.0000 1.0000 1.0000 9.5680 9.5680
760 9.5699 760.0000 760.0000 1.0000 1.0000 9.5699 9.5699
761 9.5718 761.0000 761.0000 1.0000 1.0000 9.5718 9.5718
762 9.5736 762.0000 762.0000 1.0000 1.0000 9.5736 9.5736
763 9.5755 763.0000 763.0000 1.0000 1.0000 9.5755 9.5755
764 9.5774 764.0000 764.0000 1.0000 1.0000 9.5774 9.5774
765 9.5793 765.0000 765.0000 1.0000 1.0000 9.5793 9.5793
766 9.5812 766.0000 766.0000 1.0000 1.0000 9.5812 9.5812
767 9.5831 767.0000 767.0000 1.0000 1.0000 9.5831 9.5831
768 9.5850 768.0000 768.0000 1.0000 1.0000 9.5850 9.5850
769 9.5868 769.0000 769.0000 1.0000 1.0000 9.5868 9.5868
770 9.5887 770.0000 770.0000 1.0000 1.0000 9.5887 9.5887
771 9.5906 771.0000 771.0000 1.0000 1.0000 9.5906 9.5906
772 9.5925 772.0000 772.0000 1.0000 1.0000 9.5925 9.5925
773 9.5943 773.0000 773.0000 1.0000 1.0000 9.5943 9.5943
774 9.5962 774.0000 774.0000 1.0000 1.0000 9.5962 9.5962
775 9.5981 775.0000 775.0000 1.0000 1.0000 9.5981 9.5981
776 9.5999 776.0000 776.0000 1.0000 1.0000 9.5999 9.5999
777 9.6018 777.0000 777.0000 1.0000 1.0000 9.6018 9.6018
778 9.6036 778.0000 778.0000 1.0000 1.0000 9.6036 9.6036
779 9.6055 779.0000 779.0000 1.0000 1.0000 9.6055 9.6055
780 9.6073 780.0000 780.0000 1.0000 1.0000 9.6073 9.6073
781 9.6092 781.0000 781.0000 1.0000 1.0000 9.6092 9.6092
782 9.6110 782.0000 782.0000 1.0000 1.0000 9.6110 9.6110
783 9.6129 783.0000 783.0000 1.0000 1.0000 9.6129 9.6129
784 9.6147 784.0000 784.0000 1.0000 1.0000 9.6147 9.6147
785 9.6165 785.0000 785.0000 1.0000 1.0000 9.6165 9.6165
786 9.6184 786.0000 786.0000 1.0000 1.0000 9.6184 9.6184
787 9.6202 787.0000 787.0000 1.0000 1.0000 9.6202 9.6202
788 9.6221 788.0000 788.0000 1.0000 1.0000 9.6221 9.6221
789 9.6239 789.0000 789.0000 1.0000 1.0000 9.6239 9.6239
790 9.6257 790.0000 790.0000 1.0000 1.0000 9.6257 9.6257
791 9.6275 791.0000 791.0000 1.0000 1.0000 9.6275 9.6275
792 9.6294 792.0000 792.0000 1.0000 1.0000 9.6294 9.6294
793 9.6312 793.0000 793.0000 1.0000 1.0000 9.6312 9.6312
794 9.6330 794.0000 794.0000 1.0000 1.0000 9.6330 9.6330
795 9.6348 795.0000 795.0000 1.0000 1.0000 9.6348 9.6348
796 9.6366 796.0000 796.0000 1.0000 1.0000 9.6366 9.6366
797 9.6384 797.0000 797.0000 1.0000 1.0000 9.6384 9.6384
798 9.6402 798.0000 798.0000 1.0000 1.0000 9.6402 9.6402
799 9.6421 799.0000 799.0000 1.0000 1.0000 9.6421 9.6421
800 9.6439 800.0000 800.0000 1.0000 1.0000 9.6439 9.6439
801 9.6457 801.0000 801.0000 1.0000 1.0000 9.6457 9.6457
802 9.6475 802.0000 802.0000 1.0000 1.0000 9.6475 9.6475
803 9.6493 803.0000 803.0000 1.0000 1.0000 9.6493 9.6493
804 9.6511 804.0000 804.0000 1.0000 1.0000 9.6511 9.6511
805 9.6528 805.0000 805.0000 1.0000 1.0000 9.6528 9.6528
806 9.6546 806.0000 806.0000 1.0000 1.0000 9.6546 9.6546
807 9.6564 807.0000 807.0000 1.0000 1.0000 9.6564 9.6564
808 9.6582 808.0000 808.0000 1.0000 1.0000 9.6582 9.6582
809 9.6600 809.0000 809.0000 1.0000 1.0000 9.6600 9.6600
810 9.6618 810.0000 810.0000 1.0000 1.0000 9.6618 9.6618
811 9.6636 811.0000 811.0000 1.0000 1.0000 9.6636 9.6636
812 9.6653 812.0000 812.0000 1.0000 1.0000 9.6653 9.6653
813 9.6671 813.0000 813.0000 1.0000 1.0000 9.6671 9.6671
814 9.6689 814.0000 814.0000 1.0000 1.0000 9.6689 9.6689
815 9.6707 815.0000 815.0000 1.0000 1.0000 9.6707 9.6707
816 9.6724 816.0000 816.0000 1.0000 1.0000 9.6724 9.6724
817 9.6742 817.0000 817.0000 1.0000 1.0000 9.6742 9.6742
818 9.6760 818.0000 818.0000 1.0000 1.0000 9.6760 9.6760
819 9.6777 819.0000 819.0000 1.0000 1.0000 9.6777 9.6777
820 9.6795 820.0000 820.0000 1.0000 1.0000 9.6795 9.6795
821 9.6812 821.0000 821.0000 1.0000 1.0000 9.6812 9.6812
822 9.6830 822.0000 822.0000 1.0000 1.0000 9.6830 9.6830
823 9.6847 823.0000 823.0000 1.0000 1.0000 9.6847 9.6847
824 9.6865 824.0000 824.0000 1.0000 1.0000 9.6865 9.6865
825 9.6883 825.0000 825.0000 1.0000 1.0000 9.6883 9.6883
826 9.6900 826.0000 826.0000 1.0000 1.0000 9.6900 9.6900
827 9.6917 827.0000 827.0000 1.0000 1.0000 9.6917 9.6917
828 9.6935 828.0000 828.0000 1.0000 1.0000 9.6935 9.6935
829 9.6952 829.0000 829.0000 1.0000 1.0000 9.6952 9.6952
830 9.6970 830.0000 830.0000 1.0000 1.0000 9.6970 9.6970
831 9.6987 831.0000 831.0000 1.0000 1.0000 9.6987 9.6987
832 9.7004 832.0000 832.0000 1.0000 1.0000 9.7004 9.7004
833 9.7022 833.0000 833.0000 1.0000 1.0000 9.7022 9.7022
834 9.7039 834.0000 834.0000 1.0000 1.0000 9.7039 9.7039
835 9.7056 835.0000 835.0000 1.0000 1.0000 9.7056 9.7056
836 9.7074 836.0000 836.0000 1.0000 1.0000 9.7074 9.7074
837 9.7091 837.0000 837.0000 1.0000 1.0000 9.7091 9.7091
838 9.7108 838.0000 838.0000 1.0000 1.0000 9.7108 9.7108
839 9.7125 839.0000 839.0000 1.0000 1.0000 9.7125 9.7125
840 9.7142 840.0000 840.0000 1.0000 1.0000 9.7142 9.7142
841 9.7160 841.0000 841.0000 1.0000 1.0000 9.7160 9.7160
842 9.7177 842.0000 842.0000 1.0000 1.0000 9.7177 9.7177
843 9.7194 843.0000 843.0000 1.0000 1.0000 9.7194 9.7194
844 9.7211 844.0000 844.0000 1.0000 1.0000 9.7211 9.7211
845 9.7228 845.0000 845.0000 1.0000 1.0000 9.7228 9.7228
846 9.7245 846.0000 846.0000 1.0000 1.0000 9.7245 9.7245
847 9.7262 847.0000 847.0000 1.0000 1.0000 9.7262 9.7262
848 9.7279 848.0000 848.0000 1.0000 1.0000 9.7279 9.7279
849 9.7296 849.0000 849.0000 1.0000 1.0000 9.7296 9.7296
850 9.7313 850.0000 850.0000 1.0000 1.0000 9.7313 9.7313
851 9.7330 851.0000 851.0000 1.0000 1.0000 9.7330 9.7330
852 9.7347 852.0000 852.0000 1.0000 1.0000 9.7347 9.7347
853 9.7364 853.0000 853.0000 1.0000 1.0000 9.7364 9.7364
854 9.7381 854.0000 854.0000 1.0000 1.0000 9.7381 9.7381
855 9.7398 855.0000 855.0000 1.0000 1.0000 9.7398 9.7398
856 9.7415 856.0000 856.0000 1.0000 1.0000 9.7415 9.7415
857 9.7432 857.0000 857.0000 1.0000 1.0000 9.7432 9.7432
858 9.7448 858.0000 858.0000 1.0000 1.0000 9.7448 9.7448
859 9.7465 859.0000 859.0000 1.0000 1.0000 9.7465 9.7465
860 9.7482 860.0000 860.0000 1.0000 1.0000 9.7482 9.7482
861 9.7499 861.0000 861.0000 1.0000 1.0000 9.7499 9.7499
862 9.7515 862.0000 862.0000 1.0000 1.0000 9.7515 9.7515
863 9.7532 863.0000 863.0000 1.0000 1.0000 9.7532 9.7532
864 9.7549 864.0000 864.0000 1.0000 1.0000 9.7549 9.7549
865 9.7566 865.0000 865.0000 1.0000 1.0000 9.7566 9.7566
866 9.7582 866.0000 866.0000 1.0000 1.0000 9.7582 9.7582
867 9.7599 867.0000 867.0000 1.0000 1.0000 9.7599 9.7599
868 9.7616 868.0000 868.0000 1.0000 1.0000 9.7616 9.7616
869 9.7632 869.0000 869.0000 1.0000 1.0000 9.7632 9.7632
870 9.7649 870.0000 870.0000 1.0000 1.0000 9.7649 9.7649
871 9.7665 871.0000 871.0000 1.0000 1.0000 9.7665 9.7665
872 9.7682 872.0000 872.0000 1.0000 1.0000 9.7682 9.7682
873 9.7698 873.0000 873.0000 1.0000 1.0000 9.7698 9.7698
874 9.7715 874.0000 874.0000 1.0000 1.0000 9.7715 9.7715
875 9.7731 875.0000 875.0000 1.0000 1.0000 9.7731 9.7731
876 9.7748 876.0000 876.0000 1.0000 1.0000 9.7748 9.7748
877 9.7764 877.0000 877.0000 1.0000 1.0000 9.7764 9.7764
878 9.7781 878.0000 878.0000 1.0000 1.0000 9.7781 9.7781
879 9.7797 879.0000 879.0000 1.0000 1.0000 9.7797 9.7797
880 9.7814 880.0000 880.0000 1.0000 1.0000 9.7814 9.7814
881 9.7830 881.0000 881.0000 1.0000 1.0000 9.7830 9.7830
882 9.7846 882.0000 882.0000 1.0000 1.0000 9.7846 9.7846
883 9.7863 883.0000 883.0000 1.0000 1.0000 9.7863 9.7863
884 9.7879 884.0000 884.0000 1.0000 1.0000 9.7879 9.7879
885 9.7895 885.0000 885.0000 1.0000 1.0000 9.7895 9.7895
886 9.7912 886.0000 886.0000 1.0000 1.0000 9.7912 9.7912
887 9.7928 887.0000 887.0000 1.0000 1.0000 9.7928 9.7928
888 9.7944 888.0000 888.0000 1.0000 1.0000 9.7944 9.7944
889 9.7960 889.0000 889.0000 1.0000 1.0000 9.7960 9.7960
890 9.7977 890.0000 890.0000 1.0000 1.0000 9.7977 9.7977
891 9.7993 891.0000 891.0000 1.0000 1.0000 9.7993 9.7993
892 9.8009 892.0000 892.0000 1.0000 1.0000 9.8009 9.8009
893 9.8025 893.0000 893.0000 1.0000 1.0000 9.8025 9.8025
894 9.8041 894.0000 894.0000 1.0000 1.0000 9.8041 9.8041
895 9.8057 895.0000 895.0000 1.0000 1.0000 9.8057 9.8057
896 9.8074 896.0000 896.0000 1.0000 1.0000 9.8074 9.8074
897 9.8090 897.0000 897.0000 1.0000 1.0000 9.8090 9.8090
898 9.8106 898.0000 898.0000 1.0000 1.0000 9.8106 9.8106
899 9.8122 899.0000 899.0000 1.0000 1.0000 9.8122 9.8122
900 9.8138 900.0000 900.0000 1.0000 1.0000 9.8138 9.8138
901 9.8154 901.0000 901.0000 1.0000 1.0000 9.8154 9.8154
902 9.8170 902.0000 902.0000 1.0000 1.0000 9.8170 9.8170
903 9.8186 903.0000 903.0000 1.0000 1.0000 9.8186 9.8186
904 9.8202 904.0000 904.0000 1.0000 1.0000 9.8202 9.8202
905 9.8218 905.0000 905.0000 1.0000 1.0000 9.8218 9.8218
906 9.8234 906.0000 906.0000 1.0000 1.0000 9.8234 9.8234
907 9.8250 907.0000 907.0000 1.0000 1.0000 9.8250 9.8250
908 9.8265 908.0000 908.0000 1.0000 1.0000 9.8265 9.8265
909 9.8281 909.0000 909.0000 1.0000 1.0000 9.8281 9.8281
910 9.8297 910.0000 910.0000 1.0000 1.0000 9.8297 9.8297
911 9.8313 911.0000 911.0000 1.0000 1.0000 9.8313 9.8313
912 9.8329 912.0000 912.0000 1.0000 1.0000 9.8329 9.8329
913 9.8345 913.0000 913.0000 1.0000 1.0000 9.8345 9.8345
914 9.8361 914.0000 914.0000 1.0000 1.0000 9.8361 9.8361
915 9.8376 915.0000 915.0000 1.0000 1.0000 9.8376 9.8376
916 9.8392 916.0000 916.0000 1.0000 1.0000 9.8392 9.8392
917 9.8408 917.0000 917.0000 1.0000 1.0000 9.8408 9.8408
918 9.8424 918.0000 918.0000 1.0000 1.0000 9.8424 9.8424
919 9.8439 919.0000 919.0000 1.0000 1.0000 9.8439 9.8439
920 9.8455 920.0000 920.0000 1.0000 1.0000 9.8455 9.8455
921 9.8471 921.0000 921.0000 1.0000 1.0000 9.8471 9.8471
922 9.8486 922.0000 922.0000 1.0000 1.0000 9.8486 9.8486
923 9.8502 923.0000 923.0000 1.0000 1.0000 9.8502 9.8502
924 9.8517 924.0000 924.0000 1.0000 1.0000 9.8517 9.8517
925 9.8533 925.0000 925.0000 1.0000 1.0000 9.8533 9.8533
926 9.8549 926.0000 926.0000 1.0000 1.0000 9.8549 9.8549
927 9.8564 927.0000 927.0000 1.0000 1.0000 9.8564 9.8564
928 9.8580 928.0000 928.0000 1.0000 1.0000 9.8580 9.8580
929 9.8595 929.0000 929.0000 1.0000 1.0000 9.8595 9.8595
930 9.8611 930.0000 930.0000 1.0000 1.0000 9.8611 9.8611
931 9.8626 931.0000 931.0000 1.0000 1.0000 9.8626 9.8626
932 9.8642 932.0000 932.0000 1.0000 1.0000 9.8642 9.8642
933 9.8657 933.0000 933.0000 1.0000 1.0000 9.8657 9.8657
934 9.8673 934.0000 934.0000 1.0000 1.0000 9.8673 9.8673
935 9.8688 935.0000 935.0000 1.0000 1.0000 9.8688 9.8688
936 9.8704 936.0000 936.0000 1.0000 1.0000 9.8704 9.8704
937 9.8719 937.0000 937.0000 1.0000 1.0000 9.8719 9.8719
938 9.8734 938.0000 938.0000 1.0000 1.0000 9.8734 9.8734
939 9.8750 939.0000 939.0000 1.0000 1.0000 9.8750 9.8750
940 9.8765 940.0000 940.0000 1.0000 1.0000 9.8765 9.8765
941 9.8781 941.0000 941.0000 1.0000 1.0000 9.8781 9.8781
942 9.8796 942.0000 942.0000 1.0000 1.0000 9.8796 9.8796
943 9.8811 943.0000 943.0000 1.0000 1.0000 9.8811 9.8811
944 9.8826 944.0000 944.0000 1.0000 1.0000 9.8826 9.8826
945 9.8842 945.0000 945.0000 1.0000 1.0000 9.8842 9.8842
946 9.8857 946.0000 946.0000 1.0000 1.0000 9.8857 9.8857
947 9.8872 947.0000 947.0000 1.0000 1.0000 9.8872 9.8872
948 9.8887 948.0000 948.0000 1.0000 1.0000 9.8887 9.8887
949 9.8903 949.0000 949.0000 1.0000 1.0000 9.8903 9.8903
950 9.8918 950.0000 950.0000 1.0000 1.0000 9.8918 9.8918
951 9.8933 951.0000 951.0000 1.0000 1.0000 9.8933 9.8933
952 9.8948 952.0000 952.0000 1.0000 1.0000 9.8948 9.8948
953 9.8963 953.0000 953.0000 1.0000 1.0000 9.8963 9.8963
954 9.8978 954.0000 954.0000 1.0000 1.0000 9.8978 9.8978
955 9.8994 955.0000 955.0000 1.0000 1.0000 9.8994 9.8994
956 9.9009 956.0000 956.0000 1.0000 1.0000 9.9009 9.9009
957 9.9024 957.0000 957.0000 1.0000 1.0000 9.9024 9.9024
958 9.9039 958.0000 958.0000 1.0000 1.0000 9.9039 9.9039
959 9.9054 959.0000 959.0000 1.0000 1.0000 9.9054 9.9054
960 9.9069 960.0000 960.0000 1.0000 1.0000 9.9069 9.9069
961 9.9084 961.0000 961.0000 1.0000 1.0000 9.9084 9.9084
962 9.9099 962.0000 962.0000 1.0000 1.0000 9.9099 9.9099
963 9.9114 963.0000 963.0000 1.0000 1.0000 9.9114 9.9114
964 9.9129 964.0000 964.0000 1.0000 1.0000 9.9129 9.9129
965 9.9144 965.0000 965.0000 1.0000 1.0000 9.9144 9.9144
966 9.9159 966.0000 966.0000 1.0000 1.0000 9.9159 9.9159
967 9.9174 967.0000 967.0000 1.0000 1.0000 9.9174 9.9174
968 9.9189 968.0000 968.0000 1.0000 1.0000 9.9189 9.9189
969 9.9204 969.0000 969.0000 1.0000 1.0000 9.9204 9.9204
970 9.9218 970.0000 970.0000 1.0000 1.0000 9.9218 9.9218
971 9.9233 971.0000 971.0000 1.0000 1.0000 9.9233 9.9233
972 9.9248 972.0000 972.0000 1.0000 1.0000 9.9248 9.9248
973 9.9263 973.0000 973.0000 1.0000 1.0000 9.9263 9.9263
974 9.9278 974.0000 974.0000 1.0000 1.0000 9.9278 9.9278
975 9.9293 975.0000 975.0000 1.0000 1.0000 9.9293 9.9293
976 9.9307 976.0000 976.0000 1.0000 1.0000 9.9307 9.9307
977 9.9322 977.0000 977.0000 1.0000 1.0000 9.9322 9.9322
978 9.9337 978.0000 978.0000 1.0000 1.0000 9.9337 9.9337
979 9.9352 979.0000 979.0000 1.0000 1.0000 9.9352 9.9352
980 9.9366 980.0000 980.0000 1.0000 1.0000 9.9366 9.9366
981 9.9381 981.0000 981.0000 1.0000 1.0000 9.9381 9.9381
982 9.9396 982.0000 982.0000 1.0000 1.0000 9.9396 9.9396
983 9.9410 983.0000 983.0000 1.0000 1.0000 9.9410 9.9410
984 9.9425 984.0000 984.0000 1.0000 1.0000 9.9425 9.9425
985 9.9440 985.0000 985.0000 1.0000 1.0000 9.9440 9.9440
986 9.9454 986.0000 986.0000 1.0000 1.0000 9.9454 9.9454
987 9.9469 987.0000 987.0000 1.0000 1.0000 9.9469 9.9469
988 9.9484 988.0000 988.0000 1.0000 1.0000 9.9484 9.9484
989 9.9498 989.0000 989.0000 1.0000 1.0000 9.9498 9.9498
990 9.9513 990.0000 990.0000 1.0000 1.0000 9.9513 9.9513
991 9.9527 991.0000 991.0000 1.0000 1.0000 9.9527 9.9527
992 9.9542 992.0000 992.0000 1.0000 1.0000 9.9542 9.9542
993 9.9556 993.0000 993.0000 1.0000 1.0000 9.9556 9.9556
994 9.9571 994.0000 994.0000 1.0000 1.0000 9.9571 9.9571
995 9.9586 995.0000 995.0000 1.0000 1.0000 9.9586 9.9586
996 9.9600 996.0000 996.0000 1.0000 1.0000 9.9600 9.9600
997 9.9614 997.0000 997.0000 1.0000 1.0000 9.9614 9.9614
998 9.9629 998.0000 998.0000 1.0000 1.0000 9.9629 9.9629
999 9.9643 999.0000 999.0000 1.0000 1.0000 9.9643 9.9643
1000 9.9658 1000.0000 1000.0000 1.0000 1.0000 9.9658 9.9658
