# n Search Insert Delete Maximum Minimum Predecessor Successor
1 1.0000 1.0000 1.0000 1.0000 1.0000 1.0000 1.0000
2 2.0000 1.0000 2.0000 2.0000 2.0000 2.0000 2.0000
3 3.0000 1.0000 3.0000 3.0000 3.0000 3.0000 3.0000
4 4.0000 1.0000 4.0000 4.0000 4.0000 4.0000 4.0000
5 5.0000 1.0000 5.0000 5.0000 5.0000 5.0000 5.0000
6 6.0000 1.0000 6.0000 6.0000 6.0000 6.0000 6.0000
7 7.0000 1.0000 7.0000 7.0000 7.0000 7.0000 7.0000
8 8.0000 1.0000 8.0000 8.0000 8.0000 8.0000 8.0000
9 9.0000 1.0000 9.0000 9.0000 9.0000 9.0000 9.0000
10 10.0000 1.0000 10.0000 10.0000 10.0000 10.0000 10.0000
11 11.0000 1.0000 11.0000 11.0000 11.0000 11.0000 11.0000
12 12.0000 1.0000 12.0000 12.0000 12.0000 12.0000 12.0000
13 13.0000 1.0000 13.0000 13.0000 13.0000 13.0000 13.0000
14 14.0000 1.0000 14.0000 14.0000 14.0000 14.0000 14.0000
15 15.0000 1.0000 15.0000 15.0000 15.0000 15.0000 15.0000
16 16.0000 1.0000 16.0000 16.0000 16.0000 16.0000 16.0000
17 17.0000 1.0000 17.0000 17.0000 17.0000 17.0000 17.0000
18 18.0000 1.0000 18.0000 18.0000 18.0000 18.0000 18.0000
19 19.0000 1.0000 19.0000 19.0000 19.0000 19.0000 19.0000
20 20.0000 1.0000 20.0000 20.0000 20.0000 20.0000 20.0000
21 21.0000 1.0000 21.0000 21.0000 21.0000 21.0000 21.0000
22 22.0000 1.0000 22.0000 22.0000 22.0000 22.0000 22.0000
23 23.0000 1.0000 23.0000 23.0000 23.0000 23.0000 23.0000
24 24.0000 1.0000 24.0000 24.0000 24.0000 24.0000 24.0000
25 25.0000 1.0000 25.0000 25.0000 25.0000 25.0000 25.0000
26 26.0000 1.0000 26.0000 26.0000 26.0000 26.0000 26.0000
27 27.0000 1.0000 27.0000 27.0000 27.0000 27.0000 27.0000
28 28.0000 1.0000 28.0000 28.0000 28.0000 28.0000 28.0000
29 29.0000 1.0000 29.0000 29.0000 29.0000 29.0000 29.0000
30 30.0000 1.0000 30.0000 30.0000 30.0000 30.0000 30.0000
31 31.0000 1.0000 31.0000 31.0000 31.0000 31.0000 31.0000
32 32.0000 1.0000 32.0000 32.0000 32.0000 32.0000 32.0000
33 33.0000 1.0000 33.0000 33.0000 33.0000 33.0000 33.0000
34 34.0000 1.0000 34.0000 34.0000 34.0000 34.0000 34.0000
35 35.0000 1.0000 35.0000 35.0000 35.0000 35.0000 35.0000
36 36.0000 1.0000 36.0000 36.0000 36.0000 36.0000 36.0000
37 37.0000 1.0000 37.0000 37.0000 37.0000 37.0000 37.0000
38 38.0000 1.0000 38.0000 38.0000 38.0000 38.0000 38.0000
39 39.0000 1.0000 39.0000 39.0000 39.0000 39.0000 39.0000
40 40.0000 1.0000 40.0000 40.0000 40.0000 40.0000 40.0000
41 41.0000 1.0000 41.0000 41.0000 41.0000 41.0000 41.0000
42 42.0000 1.0000 42.0000 42.0000 42.0000 42.0000 42.0000
43 43.0000 1.0000 43.0000 43.0000 43.0000 43.0000 43.0000
44 44.0000 1.0000 44.0000 44.0000 44.0000 44.0000 44.0000
45 45.0000 1.0000 45.0000 45.0000 45.0000 45.0000 45.0000
46 46.0000 1.0000 46.0000 46.0000 46.0000 46.0000 46.0000
47 47.0000 1.0000 47.0000 47.0000 47.0000 47.0000 47.0000
48 48.0000 1.0000 48.0000 48.0000 48.0000 48.0000 48.0000
49 49.0000 1.0000 49.0000 49.0000 49.0000 49.0000 49.0000
50 50.0000 1.0000 50.0000 50.0000 50.0000 50.0000 50.0000
51 51.0000 1.0000 51.0000 51.0000 51.0000 51.0000 51.0000
52 52.0000 1.0000 52.0000 52.0000 52.0000 52.0000 52.0000
53 53.0000 1.0000 53.0000 53.0000 53.0000 53.0000 53.0000
54 54.0000 1.0000 54.0000 54.0000 54.0000 54.0000 54.0000
55 55.0000 1.0000 55.0000 55.0000 55.0000 55.0000 55.0000
56 56.0000 1.0000 56.0000 56.0000 56.0000 56.0000 56.0000
57 57.0000 1.0000 57.0000 57.0000 57.0000 57.0000 57.0000
58 58.0000 1.0000 58.0000 58.0000 58.0000 58.0000 58.0000
59 59.0000 1.0000 59.0000 59.0000 59.0000 59.0000 59.0000
60 60.0000 1.0000 60.0000 60.0000 60.0000 60.0000 60.0000
61 61.0000 1.0000 61.0000 61.0000 61.0000 61.0000 61.0000
62 62.0000 1.0000 62.0000 62.0000 62.0000 62.0000 62.0000
63 63.0000 1.0000 63.0000 63.0000 63.0000 63.0000 63.0000
64 64.0000 1.0000 64.0000 64.0000 64.0000 64.0000 64.0000
65 65.0000 1.0000 65.0000 65.0000 65.0000 65.0000 65.0000
66 66.0000 1.0000 66.0000 66.0000 66.0000 66.0000 66.0000
67 67.0000 1.0000 67.0000 67.0000 67.0000 67.0000 67.0000
68 68.0000 1.0000 68.0000 68.0000 68.0000 68.0000 68.0000
69 69.0000 1.0000 69.0000 69.0000 69.0000 69.0000 69.0000
70 70.0000 1.0000 70.0000 70.0000 70.0000 70.0000 70.0000
71 71.0000 1.0000 71.0000 71.0000 71.0000 71.0000 71.0000
72 72.0000 1.0000 72.0000 72.0000 72.0000 72.0000 72.0000
73 73.0000 1.0000 73.0000 73.0000 73.0000 73.0000 73.0000
74 74.0000 1.0000 74.0000 74.0000 74.0000 74.0000 74.0000
75 75.0000 1.0000 75.0000 75.0000 75.0000 75.0000 75.0000
76 76.0000 1.0000 76.0000 76.0000 76.0000 76.0000 76.0000
77 77.0000 1.0000 77.0000 77.0000 77.0000 77.0000 77.0000
78 78.0000 1.0000 78.0000 78.0000 78.0000 78.0000 78.0000
79 79.0000 1.0000 79.0000 79.0000 79.0000 79.0000 79.0000
80 80.0000 1.0000 80.0000 80.0000 80.0000 80.0000 80.0000
81 81.0000 1.0000 81.0000 81.0000 81.0000 81.0000 81.0000
82 82.0000 1.0000 82.0000 82.0000 82.0000 82.0000 82.0000
83 83.0000 1.0000 83.0000 83.0000 83.0000 83.0000 83.0000
84 84.0000 1.0000 84.0000 84.0000 84.0000 84.0000 84.0000
85 85.0000 1.0000 85.0000 85.0000 85.0000 85.0000 85.0000
86 86.0000 1.0000 86.0000 86.0000 86.0000 86.0000 86.0000
87 87.0000 1.0000 87.0000 87.0000 87.0000 87.0000 87.0000
88 88.0000 1.0000 88.0000 88.0000 88.0000 88.0000 88.0000
89 89.0000 1.0000 89.0000 89.0000 89.0000 89.0000 89.0000
90 90.0000 1.0000 90.0000 90.0000 90.0000 90.0000 90.0000
91 91.0000 1.0000 91.0000 91.0000 91.0000 91.0000 91.0000
92 92.0000 1.0000 92.0000 92.0000 92.0000 92.0000 92.0000
93 93.0000 1.0000 93.0000 93.0000 93.0000 93.0000 93.0000
94 94.0000 1.0000 94.0000 94.0000 94.0000 94.0000 94.0000
95 95.0000 1.0000 95.0000 95.0000 95.0000 95.0000 95.0000
96 96.0000 1.0000 96.0000 96.0000 96.0000 96.0000 96.0000
97 97.0000 1.0000 97.0000 97.0000 97.0000 97.0000 97.0000
98 98.0000 1.0000 98.0000 98.0000 98.0000 98.0000 98.0000
99 99.0000 1.0000 99.0000 99.0000 99.0000 99.0000 99.0000
100 100.0000 1.0000 100.0000 100.0000 100.0000 100.0000 100.0000
101 101.0000 1.0000 101.0000 101.0000 101.0000 101.0000 101.0000
102 102.0000 1.0000 102.0000 102.0000 102.0000 102.0000 102.0000
103 103.0000 1.0000 103.0000 103.0000 103.0000 103.0000 103.0000
104 104.0000 1.0000 104.0000 104.0000 104.0000 104.0000 104.0000
105 105.0000 1.0000 105.0000 105.0000 105.0000 105.0000 105.0000
106 106.0000 1.0000 106.0000 106.0000 106.0000 106.0000 106.0000
107 107.0000 1.0000 107.0000 107.0000 107.0000 107.0000 107.0000
108 108.0000 1.0000 108.0000 108.0000 108.0000 108.0000 108.0000
109 109.0000 1.0000 109.0000 109.0000 109.0000 109.0000 109.0000
110 110.0000 1.0000 110.0000 110.0000 110.0000 110.0000 110.0000
111 111.0000 1.0000 111.0000 111.0000 111.0000 111.0000 111.0000
112 112.0000 1.0000 112.0000 112.0000 112.0000 112.0000 112.0000
113 113.0000 1.0000 113.0000 113.0000 113.0000 113.0000 113.0000
114 114.0000 1.0000 114.0000 114.0000 114.0000 114.0000 114.0000
115 115.0000 1.0000 115.0000 115.0000 115.0000 115.0000 115.0000
116 116.0000 1.0000 116.0000 116.0000 116.0000 116.0000 116.0000
117 117.0000 1.0000 117.0000 117.0000 117.0000 117.0000 117.0000
118 118.0000 1.0000 118.0000 118.0000 118.0000 118.0000 118.0000
119 119.0000 1.0000 119.0000 119.0000 119.0000 119.0000 119.0000
120 120.0000 1.0000 120.0000 120.0000 120.0000 120.0000 120.0000
121 121.0000 1.0000 121.0000 121.0000 121.0000 121.0000 121.0000
122 122.0000 1.0000 122.0000 122.0000 122.0000 122.0000 122.0000
123 123.0000 1.0000 123.0000 123.0000 123.0000 123.0000 123.0000
124 124.0000 1.0000 124.0000 124.0000 124.0000 124.0000 124.0000
125 125.0000 1.0000 125.0000 125.0000 125.0000 125.0000 125.0000
126 126.0000 1.0000 126.0000 126.0000 126.0000 126.0000 126.0000
127 127.0000 1.0000 127.0000 127.0000 127.0000 127.0000 127.0000
128 128.0000 1.0000 128.0000 128.0000 128.0000 128.0000 128.0000
129 129.0000 1.0000 129.0000 129.0000 129.0000 129.0000 129.0000
130 130.0000 1.0000 130.0000 130.0000 130.0000 130.0000 130.0000
131 131.0000 1.0000 131.0000 131.0000 131.0000 131.0000 131.0000
132 132.0000 1.0000 132.0000 132.0000 132.0000 132.0000 132.0000
133 133.0000 1.0000 133.0000 133.0000 133.0000 133.0000 133.0000
134 134.0000 1.0000 134.0000 134.0000 134.0000 134.0000 134.0000
135 135.0000 1.0000 135.0000 135.0000 135.0000 135.0000 135.0000
136 136.0000 1.0000 136.0000 136.0000 136.0000 136.0000 136.0000
137 137.0000 1.0000 137.0000 137.0000 137.0000 137.0000 137.0000
138 138.0000 1.0000 138.0000 138.0000 138.0000 138.0000 138.0000
139 139.0000 1.0000 139.0000 139.0000 139.0000 139.0000 139.0000
140 140.0000 1.0000 140.0000 140.0000 140.0000 140.0000 140.0000
141 141.0000 1.0000 141.0000 141.0000 141.0000 141.0000 141.0000
142 142.0000 1.0000 142.0000 142.0000 142.0000 142.0000 142.0000
143 143.0000 1.0000 143.0000 143.0000 143.0000 143.0000 143.0000
144 144.0000 1.0000 144.0000 144.0000 144.0000 144.0000 144.0000
145 145.0000 1.0000 145.0000 145.0000 145.0000 145.0000 145.0000
146 146.0000 1.0000 146.0000 146.0000 146.0000 146.0000 146.0000
147 147.0000 1.0000 147.0000 147.0000 147.0000 147.0000 147.0000
148 148.0000 1.0000 148.0000 148.0000 148.0000 148.0000 148.0000
149 149.0000 1.0000 149.0000 149.0000 149.0000 149.0000 149.0000
150 150.0000 1.0000 150.0000 150.0000 150.0000 150.0000 150.0000
151 151.0000 1.0000 151.0000 151.0000 151.0000 151.0000 151.0000
152 152.0000 1.0000 152.0000 152.0000 152.0000 152.0000 152.0000
153 153.0000 1.0000 153.0000 153.0000 153.0000 153.0000 153.0000
154 154.0000 1.0000 154.0000 154.0000 154.0000 154.0000 154.0000
155 155.0000 1.0000 155.0000 155.0000 155.0000 155.0000 155.0000
156 156.0000 1.0000 156.0000 156.0000 156.0000 156.0000 156.0000
157 157.0000 1.0000 157.0000 157.0000 157.0000 157.0000 157.0000
158 158.0000 1.0000 158.0000 158.0000 158.0000 158.0000 158.0000
159 159.0000 1.0000 159.0000 159.0000 159.0000 159.0000 159.0000
160 160.0000 1.0000 160.0000 160.0000 160.0000 160.0000 160.0000
161 161.0000 1.0000 161.0000 161.0000 161.0000 161.0000 161.0000
162 162.0000 1.0000 162.0000 162.0000 162.0000 162.0000 162.0000
163 163.0000 1.0000 163.0000 163.0000 163.0000 163.0000 163.0000
164 164.0000 1.0000 164.0000 164.0000 164.0000 164.0000 164.0000
165 165.0000 1.0000 165.0000 165.0000 165.0000 165.0000 165.0000
166 166.0000 1.0000 166.0000 166.0000 166.0000 166.0000 166.0000
167 167.0000 1.0000 167.0000 167.0000 167.0000 167.0000 167.0000
168 168.0000 1.0000 168.0000 168.0000 168.0000 168.0000 168.0000
169 169.0000 1.0000 169.0000 169.0000 169.0000 169.0000 169.0000
170 170.0000 1.0000 170.0000 170.0000 170.0000 170.0000 170.0000
171 171.0000 1.0000 171.0000 171.0000 171.0000 171.0000 171.0000
172 172.0000 1.0000 172.0000 172.0000 172.0000 172.0000 172.0000
173 173.0000 1.0000 173.0000 173.0000 173.0000 173.0000 173.0000
174 174.0000 1.0000 174.0000 174.0000 174.0000 174.0000 174.0000
175 175.0000 1.0000 175.0000 175.0000 175.0000 175.0000 175.0000
176 176.0000 1.0000 176.0000 176.0000 176.0000 176.0000 176.0000
177 177.0000 1.0000 177.0000 177.0000 177.0000 177.0000 177.0000
178 178.0000 1.0000 178.0000 178.0000 178.0000 178.0000 178.0000
179 179.0000 1.0000 179.0000 179.0000 179.0000 179.0000 179.0000
180 180.0000 1.0000 180.0000 180.0000 180.0000 180.0000 180.0000
181 181.0000 1.0000 181.0000 181.0000 181.0000 181.0000 181.0000
182 182.0000 1.0000 182.0000 182.0000 182.0000 182.0000 182.0000
183 183.0000 1.0000 183.0000 183.0000 183.0000 183.0000 183.0000
184 184.0000 1.0000 184.0000 184.0000 184.0000 184.0000 184.0000
185 185.0000 1.0000 185.0000 185.0000 185.0000 185.0000 185.0000
186 186.0000 1.0000 186.0000 186.0000 186.0000 186.0000 186.0000
187 187.0000 1.0000 187.0000 187.0000 187.0000 187.0000 187.0000
188 188.0000 1.0000 188.0000 188.0000 188.0000 188.0000 188.0000
189 189.0000 1.0000 189.0000 189.0000 189.0000 189.0000 189.0000
190 190.0000 1.0000 190.0000 190.0000 190.0000 190.0000 190.0000
191 191.0000 1.0000 191.0000 191.0000 191.0000 191.0000 191.0000
192 192.0000 1.0000 192.0000 192.0000 192.0000 192.0000 192.0000
193 193.0000 1.0000 193.0000 193.0000 193.0000 193.0000 193.0000
194 194.0000 1.0000 194.0000 194.0000 194.0000 194.0000 194.0000
195 195.0000 1.0000 195.0000 195.0000 195.0000 195.0000 195.0000
196 196.0000 1.0000 196.0000 196.0000 196.0000 196.0000 196.0000
197 197.0000 1.0000 197.0000 197.0000 197.0000 197.0000 197.0000
198 198.0000 1.0000 198.0000 198.0000 198.0000 198.0000 198.0000
199 199.0000 1.0000 199.0000 199.0000 199.0000 199.0000 199.0000
200 200.0000 1.0000 200.0000 200.0000 200.0000 200.0000 200.0000
201 201.0000 1.0000 201.0000 201.0000 201.0000 201.0000 201.0000
202 202.0000 1.0000 202.0000 202.0000 202.0000 202.0000 202.0000
203 203.0000 1.0000 203.0000 203.0000 203.0000 203.0000 203.0000
204 204.0000 1.0000 204.0000 204.0000 204.0000 204.0000 204.0000
205 205.0000 1.0000 205.0000 205.0000 205.0000 205.0000 205.0000
206 206.0000 1.0000 206.0000 206.0000 206.0000 206.0000 206.0000
207 207.0000 1.0000 207.0000 207.0000 207.0000 207.0000 207.0000
208 208.0000 1.0000 208.0000 208.0000 208.0000 208.0000 208.0000
209 209.0000 1.0000 209.0000 209.0000 209.0000 209.0000 209.0000
210 210.0000 1.0000 210.0000 210.0000 210.0000 210.0000 210.0000
211 211.0000 1.0000 211.0000 211.0000 211.0000 211.0000 211.0000
212 212.0000 1.0000 212.0000 212.0000 212.0000 212.0000 212.0000
213 213.0000 1.0000 213.0000 213.0000 213.0000 213.0000 213.0000
214 214.0000 1.0000 214.0000 214.0000 214.0000 214.0000 214.0000
215 215.0000 1.0000 215.0000 215.0000 215.0000 215.0000 215.0000
216 216.0000 1.0000 216.0000 216.0000 216.0000 216.0000 216.0000
217 217.0000 1.0000 217.0000 217.0000 217.0000 217.0000 217.0000
218 218.0000 1.0000 218.0000 218.0000 218.0000 218.0000 218.0000
219 219.0000 1.0000 219.0000 219.0000 219.0000 219.0000 219.0000
220 220.0000 1.0000 220.0000 220.0000 220.0000 220.0000 220.0000
221 221.0000 1.0000 221.0000 221.0000 221.0000 221.0000 221.0000
222 222.0000 1.0000 222.0000 222.0000 222.0000 222.0000 222.0000
223 223.0000 1.0000 223.0000 223.0000 223.0000 223.0000 223.0000
224 224.0000 1.0000 224.0000 224.0000 224.0000 224.0000 224.0000
225 225.0000 1.0000 225.0000 225.0000 225.0000 225.0000 225.0000
226 226.0000 1.0000 226.0000 226.0000 226.0000 226.0000 226.0000
227 227.0000 1.0000 227.0000 227.0000 227.0000 227.0000 227.0000
228 228.0000 1.0000 228.0000 228.0000 228.0000 228.0000 228.0000
229 229.0000 1.0000 229.0000 229.0000 229.0000 229.0000 229.0000
230 230.0000 1.0000 230.0000 230.0000 230.0000 230.0000 230.0000
231 231.0000 1.0000 231.0000 231.0000 231.0000 231.0000 231.0000
232 232.0000 1.0000 232.0000 232.0000 232.0000 232.0000 232.0000
233 233.0000 1.0000 233.0000 233.0000 233.0000 233.0000 233.0000
234 234.0000 1.0000 234.0000 234.0000 234.0000 234.0000 234.0000
235 235.0000 1.0000 235.0000 235.0000 235.0000 235.0000 235.0000
236 236.0000 1.0000 236.0000 236.0000 236.0000 236.0000 236.0000
237 237.0000 1.0000 237.0000 237.0000 237.0000 237.0000 237.0000
238 238.0000 1.0000 238.0000 238.0000 238.0000 238.0000 238.0000
239 239.0000 1.0000 239.0000 239.0000 239.0000 239.0000 239.0000
240 240.0000 1.0000 240.0000 240.0000 240.0000 240.0000 240.0000
241 241.0000 1.0000 241.0000 241.0000 241.0000 241.0000 241.0000
242 242.0000 1.0000 242.0000 242.0000 242.0000 242.0000 242.0000
243 243.0000 1.0000 243.0000 243.0000 243.0000 243.0000 243.0000
244 244.0000 1.0000 244.0000 244.0000 244.0000 244.0000 244.0000
245 245.0000 1.0000 245.0000 245.0000 245.0000 245.0000 245.0000
246 246.0000 1.0000 246.0000 246.0000 246.0000 246.0000 246.0000
247 247.0000 1.0000 247.0000 247.0000 247.0000 247.0000 247.0000
248 248.0000 1.0000 248.0000 248.0000 248.0000 248.0000 248.0000
249 249.0000 1.0000 249.0000 249.0000 249.0000 249.0000 249.0000
250 250.0000 1.0000 250.0000 250.0000 250.0000 250.0000 250.0000
251 251.0000 1.0000 251.0000 251.0000 251.0000 251.0000 251.0000
252 252.0000 1.0000 252.0000 252.0000 252.0000 252.0000 252.0000
253 253.0000 1.0000 253.0000 253.0000 253.0000 253.0000 253.0000
254 254.0000 1.0000 254.0000 254.0000 254.0000 254.0000 254.0000
255 255.0000 1.0000 255.0000 255.0000 255.0000 255.0000 255.0000
256 256.0000 1.0000 256.0000 256.0000 256.0000 256.0000 256.0000
257 257.0000 1.0000 257.0000 257.0000 257.0000 257.0000 257.0000
258 258.0000 1.0000 258.0000 258.0000 258.0000 258.0000 258.0000
259 259.0000 1.0000 259.0000 259.0000 259.0000 259.0000 259.0000
260 260.0000 1.0000 260.0000 260.0000 260.0000 260.0000 260.0000
261 261.0000 1.0000 261.0000 261.0000 261.0000 261.0000 261.0000
262 262.0000 1.0000 262.0000 262.0000 262.0000 262.0000 262.0000
263 263.0000 1.0000 263.0000 263.0000 263.0000 263.0000 263.0000
264 264.0000 1.0000 264.0000 264.0000 264.0000 264.0000 264.0000
265 265.0000 1.0000 265.0000 265.0000 265.0000 265.0000 265.0000
266 266.0000 1.0000 266.0000 266.0000 266.0000 266.0000 266.0000
267 267.0000 1.0000 267.0000 267.0000 267.0000 267.0000 267.0000
268 268.0000 1.0000 268.0000 268.0000 268.0000 268.0000 268.0000
269 269.0000 1.0000 269.0000 269.0000 269.0000 269.0000 269.0000
270 270.0000 1.0000 270.0000 270.0000 270.0000 270.0000 270.0000
271 271.0000 1.0000 271.0000 271.0000 271.0000 271.0000 271.0000
272 272.0000 1.0000 272.0000 272.0000 272.0000 272.0000 272.0000
273 273.0000 1.0000 273.0000 273.0000 273.0000 273.0000 273.0000
274 274.0000 1.0000 274.0000 274.0000 274.0000 274.0000 274.0000
275 275.0000 1.0000 275.0000 275.0000 275.0000 275.0000 275.0000
276 276.0000 1.0000 276.0000 276.0000 276.0000 276.0000 276.0000
277 277.0000 1.0000 277.0000 277.0000 277.0000 277.0000 277.0000
278 278.0000 1.0000 278.0000 278.0000 278.0000 278.0000 278.0000
279 279.0000 1.0000 279.0000 279.0000 279.0000 279.0000 279.0000
280 280.0000 1.0000 280.0000 280.0000 280.0000 280.0000 280.0000
281 281.0000 1.0000 281.0000 281.0000 281.0000 281.0000 281.0000
282 282.0000 1.0000 282.0000 282.0000 282.0000 282.0000 282.0000
283 283.0000 1.0000 283.0000 283.0000 283.0000 283.0000 283.0000
284 284.0000 1.0000 284.0000 284.0000 284.0000 284.0000 284.0000
285 285.0000 1.0000 285.0000 285.0000 285.0000 285.0000 285.0000
286 286.0000 1.0000 286.0000 286.0000 286.0000 286.0000 286.0000
287 287.0000 1.0000 287.0000 287.0000 287.0000 287.0000 287.0000
288 288.0000 1.0000 288.0000 288.0000 288.0000 288.0000 288.0000
289 289.0000 1.0000 289.0000 289.0000 289.0000 289.0000 289.0000
290 290.0000 1.0000 290.0000 290.0000 290.0000 290.0000 290.0000
291 291.0000 1.0000 291.0000 291.0000 291.0000 291.0000 291.0000
292 292.0000 1.0000 292.0000 292.0000 292.0000 292.0000 292.0000
293 293.0000 1.0000 293.0000 293.0000 293.0000 293.0000 293.0000
294 294.0000 1.0000 294.0000 294.0000 294.0000 294.0000 294.0000
295 295.0000 1.0000 295.0000 295.0000 295.0000 295.0000 295.0000
296 296.0000 1.0000 296.0000 296.0000 296.0000 296.0000 296.0000
297 297.0000 1.0000 297.0000 297.0000 297.0000 297.0000 297.0000
298 298.0000 1.0000 298.0000 298.0000 298.0000 298.0000 298.0000
299 299.0000 1.0000 299.0000 299.0000 299.0000 299.0000 299.0000
300 300.0000 1.0000 300.0000 300.0000 300.0000 300.0000 300.0000
301 301.0000 1.0000 301.0000 301.0000 301.0000 301.0000 301.0000
302 302.0000 1.0000 302.0000 302.0000 302.0000 302.0000 302.0000
303 303.0000 1.0000 303.0000 303.0000 303.0000 303.0000 303.0000
304 304.0000 1.0000 304.0000 304.0000 304.0000 304.0000 304.0000
305 305.0000 1.0000 305.0000 305.0000 305.0000 305.0000 305.0000
306 306.0000 1.0000 306.0000 306.0000 306.0000 306.0000 306.0000
307 307.0000 1.0000 307.0000 307.0000 307.0000 307.0000 307.0000
308 308.0000 1.0000 308.0000 308.0000 308.0000 308.0000 308.0000
309 309.0000 1.0000 309.0000 309.0000 309.0000 309.0000 309.0000
310 310.0000 1.0000 310.0000 310.0000 310.0000 310.0000 310.0000
311 311.0000 1.0000 311.0000 311.0000 311.0000 311.0000 311.0000
312 312.0000 1.0000 312.0000 312.0000 312.0000 312.0000 312.0000
313 313.0000 1.0000 313.0000 313.0000 313.0000 313.0000 313.0000
314 314.0000 1.0000 314.0000 314.0000 314.0000 314.0000 314.0000
315 315.0000 1.0000 315.0000 315.0000 315.0000 315.0000 315.0000
316 316.0000 1.0000 316.0000 316.0000 316.0000 316.0000 316.0000
317 317.0000 1.0000 317.0000 317.0000 317.0000 317.0000 317.0000
318 318.0000 1.0000 318.0000 318.0000 318.0000 318.0000 318.0000
319 319.0000 1.0000 319.0000 319.0000 319.0000 319.0000 319.0000
320 320.0000 1.0000 320.0000 320.0000 320.0000 320.0000 320.0000
321 321.0000 1.0000 321.0000 321.0000 321.0000 321.0000 321.0000
322 322.0000 1.0000 322.0000 322.0000 322.0000 322.0000 322.0000
323 323.0000 1.0000 323.0000 323.0000 323.0000 323.0000 323.0000
324 324.0000 1.0000 324.0000 324.0000 324.0000 324.0000 324.0000
325 325.0000 1.0000 325.0000 325.0000 325.0000 325.0000 325.0000
326 326.0000 1.0000 326.0000 326.0000 326.0000 326.0000 326.0000
327 327.0000 1.0000 327.0000 327.0000 327.0000 327.0000 327.0000
328 328.0000 1.0000 328.0000 328.0000 328.0000 328.0000 328.0000
329 329.0000 1.0000 329.0000 329.0000 329.0000 329.0000 329.0000
330 330.0000 1.0000 330.0000 330.0000 330.0000 330.0000 330.0000
331 331.0000 1.0000 331.0000 331.0000 331.0000 331.0000 331.0000
332 332.0000 1.0000 332.0000 332.0000 332.0000 332.0000 332.0000
333 333.0000 1.0000 333.0000 333.0000 333.0000 333.0000 333.0000
334 334.0000 1.0000 334.0000 334.0000 334.0000 334.0000 334.0000
335 335.0000 1.0000 335.0000 335.0000 335.0000 335.0000 335.0000
336 336.0000 1.0000 336.0000 336.0000 336.0000 336.0000 336.0000
337 337.0000 1.0000 337.0000 337.0000 337.0000 337.0000 337.0000
338 338.0000 1.0000 338.0000 338.0000 338.0000 338.0000 338.0000
339 339.0000 1.0000 339.0000 339.0000 339.0000 339.0000 339.0000
340 340.0000 1.0000 340.0000 340.0000 340.0000 340.0000 340.0000
341 341.0000 1.0000 341.0000 341.0000 341.0000 341.0000 341.0000
342 342.0000 1.0000 342.0000 342.0000 342.0000 342.0000 342.0000
343 343.0000 1.0000 343.0000 343.0000 343.0000 343.0000 343.0000
344 344.0000 1.0000 344.0000 344.0000 344.0000 344.0000 344.0000
345 345.0000 1.0000 345.0000 345.0000 345.0000 345.0000 345.0000
346 346.0000 1.0000 346.0000 346.0000 346.0000 346.0000 346.0000
347 347.0000 1.0000 347.0000 347.0000 347.0000 347.0000 347.0000
348 348.0000 1.0000 348.0000 348.0000 348.0000 348.0000 348.0000
349 349.0000 1.0000 349.0000 349.0000 349.0000 349.0000 349.0000
350 350.0000 1.0000 350.0000 350.0000 350.0000 350.0000 350.0000
351 351.0000 1.0000 351.0000 351.0000 351.0000 351.0000 351.0000
352 352.0000 1.0000 352.0000 352.0000 352.0000 352.0000 352.0000
353 353.0000 1.0000 353.0000 353.0000 353.0000 353.0000 353.0000
354 354.0000 1.0000 354.0000 354.0000 354.0000 354.0000 354.0000
355 355.0000 1.0000 355.0000 355.0000 355.0000 355.0000 355.0000
356 356.0000 1.0000 356.0000 356.0000 356.0000 356.0000 356.0000
357 357.0000 1.0000 357.0000 357.0000 357.0000 357.0000 357.0000
358 358.0000 1.0000 358.0000 358.0000 358.0000 358.0000 358.0000
359 359.0000 1.0000 359.0000 359.0000 359.0000 359.0000 359.0000
360 360.0000 1.0000 360.0000 360.0000 360.0000 360.0000 360.0000
361 361.0000 1.0000 361.0000 361.0000 361.0000 361.0000 361.0000
362 362.0000 1.0000 362.0000 362.0000 362.0000 362.0000 362.0000
363 363.0000 1.0000 363.0000 363.0000 363.0000 363.0000 363.0000
364 364.0000 1.0000 364.0000 364.0000 364.0000 364.0000 364.0000
365 365.0000 1.0000 365.0000 365.0000 365.0000 365.0000 365.0000
366 366.0000 1.0000 366.0000 366.0000 366.0000 366.0000 366.0000
367 367.0000 1.0000 367.0000 367.0000 367.0000 367.0000 367.0000
368 368.0000 1.0000 368.0000 368.0000 368.0000 368.0000 368.0000
369 369.0000 1.0000 369.0000 369.0000 369.0000 369.0000 369.0000
370 370.0000 1.0000 370.0000 370.0000 370.0000 370.0000 370.0000
371 371.0000 1.0000 371.0000 371.0000 371.0000 371.0000 371.0000
372 372.0000 1.0000 372.0000 372.0000 372.0000 372.0000 372.0000
373 373.0000 1.0000 373.0000 373.0000 373.0000 373.0000 373.0000
374 374.0000 1.0000 374.0000 374.0000 374.0000 374.0000 374.0000
375 375.0000 1.0000 375.0000 375.0000 375.0000 375.0000 375.0000
376 376.0000 1.0000 376.0000 376.0000 376.0000 376.0000 376.0000
377 377.0000 1.0000 377.0000 377.0000 377.0000 377.0000 377.0000
378 378.0000 1.0000 378.0000 378.0000 378.0000 378.0000 378.0000
379 379.0000 1.0000 379.0000 379.0000 379.0000 379.0000 379.0000
380 380.0000 1.0000 380.0000 380.0000 380.0000 380.0000 380.0000
381 381.0000 1.0000 381.0000 381.0000 381.0000 381.0000 381.0000
382 382.0000 1.0000 382.0000 382.0000 382.0000 382.0000 382.0000
383 383.0000 1.0000 383.0000 383.0000 383.0000 383.0000 383.0000
384 384.0000 1.0000 384.0000 384.0000 384.0000 384.0000 384.0000
385 385.0000 1.0000 385.0000 385.0000 385.0000 385.0000 385.0000
386 386.0000 1.0000 386.0000 386.0000 386.0000 386.0000 386.0000
387 387.0000 1.0000 387.0000 387.0000 387.0000 387.0000 387.0000
388 388.0000 1.0000 388.0000 388.0000 388.0000 388.0000 388.0000
389 389.0000 1.0000 389.0000 389.0000 389.0000 389.0000 389.0000
390 390.0000 1.0000 390.0000 390.0000 390.0000 390.0000 390.0000
391 391.0000 1.0000 391.0000 391.0000 391.0000 391.0000 391.0000
392 392.0000 1.0000 392.0000 392.0000 392.0000 392.0000 392.0000
393 393.0000 1.0000 393.0000 393.0000 393.0000 393.0000 393.0000
394 394.0000 1.0000 394.0000 394.0000 394.0000 394.0000 394.0000
395 395.0000 1.0000 395.0000 395.0000 395.0000 395.0000 395.0000
396 396.0000 1.0000 396.0000 396.0000 396.0000 396.0000 396.0000
397 397.0000 1.0000 397.0000 397.0000 397.0000 397.0000 397.0000
398 398.0000 1.0000 398.0000 398.0000 398.0000 398.0000 398.0000
399 399.0000 1.0000 399.0000 399.0000 399.0000 399.0000 399.0000
400 400.0000 1.0000 400.0000 400.0000 400.0000 400.0000 400.0000
401 401.0000 1.0000 401.0000 401.0000 401.0000 401.0000 401.0000
402 402.0000 1.0000 402.0000 402.0000 402.0000 402.0000 402.0000
403 403.0000 1.0000 403.0000 403.0000 403.0000 403.0000 403.0000
404 404.0000 1.0000 404.0000 404.0000 404.0000 404.0000 404.0000
405 405.0000 1.0000 405.0000 405.0000 405.0000 405.0000 405.0000
406 406.0000 1.0000 406.0000 406.0000 406.0000 406.0000 406.0000
407 407.0000 1.0000 407.0000 407.0000 407.0000 407.0000 407.0000
408 408.0000 1.0000 408.0000 408.0000 408.0000 408.0000 408.0000
409 409.0000 1.0000 409.0000 409.0000 409.0000 409.0000 409.0000
410 410.0000 1.0000 410.0000 410.0000 410.0000 410.0000 410.0000
411 411.0000 1.0000 411.0000 411.0000 411.0000 411.0000 411.0000
412 412.0000 1.0000 412.0000 412.0000 412.0000 412.0000 412.0000
413 413.0000 1.0000 413.0000 413.0000 413.0000 413.0000 413.0000
414 414.0000 1.0000 414.0000 414.0000 414.0000 414.0000 414.0000
415 415.0000 1.0000 415.0000 415.0000 415.0000 415.0000 415.0000
416 416.0000 1.0000 416.0000 416.0000 416.0000 416.0000 416.0000
417 417.0000 1.0000 417.0000 417.0000 417.0000 417.0000 417.0000
418 418.0000 1.0000 418.0000 418.0000 418.0000 418.0000 418.0000
419 419.0000 1.0000 419.0000 419.0000 419.0000 419.0000 419.0000
420 420.0000 1.0000 420.0000 420.0000 420.0000 420.0000 420.0000
421 421.0000 1.0000 421.0000 421.0000 421.0000 421.0000 421.0000
422 422.0000 1.0000 422.0000 422.0000 422.0000 422.0000 422.0000
423 423.0000 1.0000 423.0000 423.0000 423.0000 423.0000 423.0000
424 424.0000 1.0000 424.0000 424.0000 424.0000 424.0000 424.0000
425 425.0000 1.0000 425.0000 425.0000 425.0000 425.0000 425.0000
426 426.0000 1.0000 426.0000 426.0000 426.0000 426.0000 426.0000
427 427.0000 1.0000 427.0000 427.0000 427.0000 427.0000 427.0000
428 428.0000 1.0000 428.0000 428.0000 428.0000 428.0000 428.0000
429 429.0000 1.0000 429.0000 429.0000 429.0000 429.0000 429.0000
430 430.0000 1.0000 430.0000 430.0000 430.0000 430.0000 430.0000
431 431.0000 1.0000 431.0000 431.0000 431.0000 431.0000 431.0000
432 432.0000 1.0000 432.0000 432.0000 432.0000 432.0000 432.0000
433 433.0000 1.0000 433.0000 433.0000 433.0000 433.0000 433.0000
434 434.0000 1.0000 434.0000 434.0000 434.0000 434.0000 434.0000
435 435.0000 1.0000 435.0000 435.0000 435.0000 435.0000 435.0000
436 436.0000 1.0000 436.0000 436.0000 436.0000 436.0000 436.0000
437 437.0000 1.0000 437.0000 437.0000 437.0000 437.0000 437.0000
438 438.0000 1.0000 438.0000 438.0000 438.0000 438.0000 438.0000
439 439.0000 1.0000 439.0000 439.0000 439.0000 439.0000 439.0000
440 440.0000 1.0000 440.0000 440.0000 440.0000 440.0000 440.0000
441 441.0000 1.0000 441.0000 441.0000 441.0000 441.0000 441.0000
442 442.0000 1.0000 442.0000 442.0000 442.0000 442.0000 442.0000
443 443.0000 1.0000 443.0000 443.0000 443.0000 443.0000 443.0000
444 444.0000 1.0000 444.0000 444.0000 444.0000 444.0000 444.0000
445 445.0000 1.0000 445.0000 445.0000 445.0000 445.0000 445.0000
446 446.0000 1.0000 446.0000 446.0000 446.0000 446.0000 446.0000
447 447.0000 1.0000 447.0000 447.0000 447.0000 447.0000 447.0000
448 448.0000 1.0000 448.0000 448.0000 448.0000 448.0000 448.0000
449 449.0000 1.0000 449.0000 449.0000 449.0000 449.0000 449.0000
450 450.0000 1.0000 450.0000 450.0000 450.0000 450.0000 450.0000
451 451.0000 1.0000 451.0000 451.0000 451.0000 451.0000 451.0000
452 452.0000 1.0000 452.0000 452.0000 452.0000 452.0000 452.0000
453 453.0000 1.0000 453.0000 453.0000 453.0000 453.0000 453.0000
454 454.0000 1.0000 454.0000 454.0000 454.0000 454.0000 454.0000
455 455.0000 1.0000 455.0000 455.0000 455.0000 455.0000 455.0000
456 456.0000 1.0000 456.0000 456.0000 456.0000 456.0000 456.0000
457 457.0000 1.0000 457.0000 457.0000 457.0000 457.0000 457.0000
458 458.0000 1.0000 458.0000 458.0000 458.0000 458.0000 458.0000
459 459.0000 1.0000 459.0000 459.0000 459.0000 459.0000 459.0000
460 460.0000 1.0000 460.0000 460.0000 460.0000 460.0000 460.0000
461 461.0000 1.0000 461.0000 461.0000 461.0000 461.0000 461.0000
462 462.0000 1.0000 462.0000 462.0000 462.0000 462.0000 462.0000
463 463.0000 1.0000 463.0000 463.0000 463.0000 463.0000 463.0000
464 464.0000 1.0000 464.0000 464.0000 464.0000 464.0000 464.0000
465 465.0000 1.0000 465.0000 465.0000 465.0000 465.0000 465.0000
466 466.0000 1.0000 466.0000 466.0000 466.0000 466.0000 466.0000
467 467.0000 1.0000 467.0000 467.0000 467.0000 467.0000 467.0000
468 468.0000 1.0000 468.0000 468.0000 468.0000 468.0000 468.0000
469 469.0000 1.0000 469.0000 469.0000 469.0000 469.0000 469.0000
470 470.0000 1.0000 470.0000 470.0000 470.0000 470.0000 470.0000
471 471.0000 1.0000 471.0000 471.0000 471.0000 471.0000 471.0000
472 472.0000 1.0000 472.0000 472.0000 472.0000 472.0000 472.0000
473 473.0000 1.0000 473.0000 473.0000 473.0000 473.0000 473.0000
474 474.0000 1.0000 474.0000 474.0000 474.0000 474.0000 474.0000
475 475.0000 1.0000 475.0000 475.0000 475.0000 475.0000 475.0000
476 476.0000 1.0000 476.0000 476.0000 476.0000 476.0000 476.0000
477 477.0000 1.0000 477.0000 477.0000 477.0000 477.0000 477.0000
478 478.0000 1.0000 478.0000 478.0000 478.0000 478.0000 478.0000
479 479.0000 1.0000 479.0000 479.0000 479.0000 479.0000 479.0000
480 480.0000 1.0000 480.0000 480.0000 480.0000 480.0000 480.0000
481 481.0000 1.0000 481.0000 481.0000 481.0000 481.0000 481.0000
482 482.0000 1.0000 482.0000 482.0000 482.0000 482.0000 482.0000
483 483.0000 1.0000 483.0000 483.0000 483.0000 483.0000 483.0000
484 484.0000 1.0000 484.0000 484.0000 484.0000 484.0000 484.0000
485 485.0000 1.0000 485.0000 485.0000 485.0000 485.0000 485.0000
486 486.0000 1.0000 486.0000 486.0000 486.0000 486.0000 486.0000
487 487.0000 1.0000 487.0000 487.0000 487.0000 487.0000 487.0000
488 488.0000 1.0000 488.0000 488.0000 488.0000 488.0000 488.0000
489 489.0000 1.0000 489.0000 489.0000 489.0000 489.0000 489.0000
490 490.0000 1.0000 490.0000 490.0000 490.0000 490.0000 490.0000
491 491.0000 1.0000 491.0000 491.0000 491.0000 491.0000 491.0000
492 492.0000 1.0000 492.0000 492.0000 492.0000 492.0000 492.0000
493 493.0000 1.0000 493.0000 493.0000 493.0000 493.0000 493.0000
494 494.0000 1.0000 494.0000 494.0000 494.0000 494.0000 494.0000
495 495.0000 1.0000 495.0000 495.0000 495.0000 495.0000 495.0000
496 496.0000 1.0000 496.0000 496.0000 496.0000 496.0000 496.0000
497 497.0000 1.0000 497.0000 497.0000 497.0000 497.0000 497.0000
498 498.0000 1.0000 498.0000 498.0000 498.0000 498.0000 498.0000
499 499.0000 1.0000 499.0000 499.0000 499.0000 499.0000 499.0000
500 500.0000 1.0000 500.0000 500.0000 500.0000 500.0000 500.0000
501 501.0000 1.0000 501.0000 501.0000 501.0000 501.0000 501.0000
502 502.0000 1.0000 502.0000 502.0000 502.0000 502.0000 502.0000
503 503.0000 1.0000 503.0000 503.0000 503.0000 503.0000 503.0000
504 504.0000 1.0000 504.0000 504.0000 504.0000 504.0000 504.0000
505 505.0000 1.0000 505.0000 505.0000 505.0000 505.0000 505.0000
506 506.0000 1.0000 506.0000 506.0000 506.0000 506.0000 506.0000
507 507.0000 1.0000 507.0000 507.0000 507.0000 507.0000 507.0000
508 508.0000 1.0000 508.0000 508.0000 508.0000 508.0000 508.0000
509 509.0000 1.0000 509.0000 509.0000 509.0000 509.0000 509.0000
510 510.0000 1.0000 510.0000 510.0000 510.0000 510.0000 510.0000
511 511.0000 1.0000 511.0000 511.0000 511.0000 511.0000 511.0000
512 512.0000 1.0000 512.0000 512.0000 512.0000 512.0000 512.0000
513 513.0000 1.0000 513.0000 513.0000 513.0000 513.0000 513.0000
514 514.0000 1.0000 514.0000 514.0000 514.0000 514.0000 514.0000
515 515.0000 1.0000 515.0000 515.0000 515.0000 515.0000 515.0000
516 516.0000 1.0000 516.0000 516.0000 516.0000 516.0000 516.0000
517 517.0000 1.0000 517.0000 517.0000 517.0000 517.0000 517.0000
518 518.0000 1.0000 518.0000 518.0000 518.0000 518.0000 518.0000
519 519.0000 1.0000 519.0000 519.0000 519.0000 519.0000 519.0000
520 520.0000 1.0000 520.0000 520.0000 520.0000 520.0000 520.0000
521 521.0000 1.0000 521.0000 521.0000 521.0000 521.0000 521.0000
522 522.0000 1.0000 522.0000 522.0000 522.0000 522.0000 522.0000
523 523.0000 1.0000 523.0000 523.0000 523.0000 523.0000 523.0000
524 524.0000 1.0000 524.0000 524.0000 524.0000 524.0000 524.0000
525 525.0000 1.0000 525.0000 525.0000 525.0000 525.0000 525.0000
526 526.0000 1.0000 526.0000 526.0000 526.0000 526.0000 526.0000
527 527.0000 1.0000 527.0000 527.0000 527.0000 527.0000 527.0000
528 528.0000 1.0000 528.0000 528.0000 528.0000 528.0000 528.0000
529 529.0000 1.0000 529.0000 529.0000 529.0000 529.0000 529.0000
530 530.0000 1.0000 530.0000 530.0000 530.0000 530.0000 530.0000
531 531.0000 1.0000 531.0000 531.0000 531.0000 531.0000 531.0000
532 532.0000 1.0000 532.0000 532.0000 532.0000 532.0000 532.0000
533 533.0000 1.0000 533.0000 533.0000 533.0000 533.0000 533.0000
534 534.0000 1.0000 534.0000 534.0000 534.0000 534.0000 534.0000
535 535.0000 1.0000 535.0000 535.0000 535.0000 535.0000 535.0000
536 536.0000 1.0000 536.0000 536.0000 536.0000 536.0000 536.0000
537 537.0000 1.0000 537.0000 537.0000 537.0000 537.0000 537.0000
538 538.0000 1.0000 538.0000 538.0000 538.0000 538.0000 538.0000
539 539.0000 1.0000 539.0000 539.0000 539.0000 539.0000 539.0000
540 540.0000 1.0000 540.0000 540.0000 540.0000 540.0000 540.0000
541 541.0000 1.0000 541.0000 541.0000 541.0000 541.0000 541.0000
542 542.0000 1.0000 542.0000 542.0000 542.0000 542.0000 542.0000
543 543.0000 1.0000 543.0000 543.0000 543.0000 543.0000 543.0000
544 544.0000 1.0000 544.0000 544.0000 544.0000 544.0000 544.0000
545 545.0000 1.0000 545.0000 545.0000 545.0000 545.0000 545.0000
546 546.0000 1.0000 546.0000 546.0000 546.0000 546.0000 546.0000
547 547.0000 1.0000 547.0000 547.0000 547.0000 547.0000 547.0000
548 548.0000 1.0000 548.0000 548.0000 548.0000 548.0000 548.0000
549 549.0000 1.0000 549.0000 549.0000 549.0000 549.0000 549.0000
550 550.0000 1.0000 550.0000 550.0000 550.0000 550.0000 550.0000
551 551.0000 1.0000 551.0000 551.0000 551.0000 551.0000 551.0000
552 552.0000 1.0000 552.0000 552.0000 552.0000 552.0000 552.0000
553 553.0000 1.0000 553.0000 553.0000 553.0000 553.0000 553.0000
554 554.0000 1.0000 554.0000 554.0000 554.0000 554.0000 554.0000
555 555.0000 1.0000 555.0000 555.0000 555.0000 555.0000 555.0000
556 556.0000 1.0000 556.0000 556.0000 556.0000 556.0000 556.0000
557 557.0000 1.0000 557.0000 557.0000 557.0000 557.0000 557.0000
558 558.0000 1.0000 558.0000 558.0000 558.0000 558.0000 558.0000
559 559.0000 1.0000 559.0000 559.0000 559.0000 559.0000 559.0000
560 560.0000 1.0000 560.0000 560.0000 560.0000 560.0000 560.0000
561 561.0000 1.0000 561.0000 561.0000 561.0000 561.0000 561.0000
562 562.0000 1.0000 562.0000 562.0000 562.0000 562.0000 562.0000
563 563.0000 1.0000 563.0000 563.0000 563.0000 563.0000 563.0000
564 564.0000 1.0000 564.0000 564.0000 564.0000 564.0000 564.0000
565 565.0000 1.0000 565.0000 565.0000 565.0000 565.0000 565.0000
566 566.0000 1.0000 566.0000 566.0000 566.0000 566.0000 566.0000
567 567.0000 1.0000 567.0000 567.0000 567.0000 567.0000 567.0000
568 568.0000 1.0000 568.0000 568.0000 568.0000 568.0000 568.0000
569 569.0000 1.0000 569.0000 569.0000 569.0000 569.0000 569.0000
570 570.0000 1.0000 570.0000 570.0000 570.0000 570.0000 570.0000
571 571.0000 1.0000 571.0000 571.0000 571.0000 571.0000 571.0000
572 572.0000 1.0000 572.0000 572.0000 572.0000 572.0000 572.0000
573 573.0000 1.0000 573.0000 573.0000 573.0000 573.0000 573.0000
574 574.0000 1.0000 574.0000 574.0000 574.0000 574.0000 574.0000
575 575.0000 1.0000 575.0000 575.0000 575.0000 575.0000 575.0000
576 576.0000 1.0000 576.0000 576.0000 576.0000 576.0000 576.0000
577 577.0000 1.0000 577.0000 577.0000 577.0000 577.0000 577.0000
578 578.0000 1.0000 578.0000 578.0000 578.0000 578.0000 578.0000
579 579.0000 1.0000 579.0000 579.0000 579.0000 579.0000 579.0000
580 580.0000 1.0000 580.0000 580.0000 580.0000 580.0000 580.0000
581 581.0000 1.0000 581.0000 581.0000 581.0000 581.0000 581.0000
582 582.0000 1.0000 582.0000 582.0000 582.0000 582.0000 582.0000
583 583.0000 1.0000 583.0000 583.0000 583.0000 583.0000 583.0000
584 584.0000 1.0000 584.0000 584.0000 584.0000 584.0000 584.0000
585 585.0000 1.0000 585.0000 585.0000 585.0000 585.0000 585.0000
586 586.0000 1.0000 586.0000 586.0000 586.0000 586.0000 586.0000
587 587.0000 1.0000 587.0000 587.0000 587.0000 587.0000 587.0000
588 588.0000 1.0000 588.0000 588.0000 588.0000 588.0000 588.0000
589 589.0000 1.0000 589.0000 589.0000 589.0000 589.0000 589.0000
590 590.0000 1.0000 590.0000 590.0000 590.0000 590.0000 590.0000
591 591.0000 1.0000 591.0000 591.0000 591.0000 591.0000 591.0000
592 592.0000 1.0000 592.0000 592.0000 592.0000 592.0000 592.0000
593 593.0000 1.0000 593.0000 593.0000 593.0000 593.0000 593.0000
594 594.0000 1.0000 594.0000 594.0000 594.0000 594.0000 594.0000
595 595.0000 1.0000 595.0000 595.0000 595.0000 595.0000 595.0000
596 596.0000 1.0000 596.0000 596.0000 596.0000 596.0000 596.0000
597 597.0000 1.0000 597.0000 597.0000 597.0000 597.0000 597.0000
598 598.0000 1.0000 598.0000 598.0000 598.0000 598.0000 598.0000
599 599.0000 1.0000 599.0000 599.0000 599.0000 599.0000 599.0000
600 600.0000 1.0000 600.0000 600.0000 600.0000 600.0000 600.0000
601 601.0000 1.0000 601.0000 601.0000 601.0000 601.0000 601.0000
602 602.0000 1.0000 602.0000 602.0000 602.0000 602.0000 602.0000
603 603.0000 1.0000 603.0000 603.0000 603.0000 603.0000 603.0000
604 604.0000 1.0000 604.0000 604.0000 604.0000 604.0000 604.0000
605 605.0000 1.0000 605.0000 605.0000 605.0000 605.0000 605.0000
606 606.0000 1.0000 606.0000 606.0000 606.0000 606.0000 606.0000
607 607.0000 1.0000 607.0000 607.0000 607.0000 607.0000 607.0000
608 608.0000 1.0000 608.0000 608.0000 608.0000 608.0000 608.0000
609 609.0000 1.0000 609.0000 609.0000 609.0000 609.0000 609.0000
610 610.0000 1.0000 610.0000 610.0000 610.0000 610.0000 610.0000
611 611.0000 1.0000 611.0000 611.0000 611.0000 611.0000 611.0000
612 612.0000 1.0000 612.0000 612.0000 612.0000 612.0000 612.0000
613 613.0000 1.0000 613.0000 613.0000 613.0000 613.0000 613.0000
614 614.0000 1.0000 614.0000 614.0000 614.0000 614.0000 614.0000
615 615.0000 1.0000 615.0000 615.0000 615.0000 615.0000 615.0000
616 616.0000 1.0000 616.0000 616.0000 616.0000 616.0000 616.0000
617 617.0000 1.0000 617.0000 617.0000 617.0000 617.0000 617.0000
618 618.0000 1.0000 618.0000 618.0000 618.0000 618.0000 618.0000
619 619.0000 1.0000 619.0000 619.0000 619.0000 619.0000 619.0000
620 620.0000 1.0000 620.0000 620.0000 620.0000 620.0000 620.0000
621 621.0000 1.0000 621.0000 621.0000 621.0000 621.0000 621.0000
622 622.0000 1.0000 622.0000 622.0000 622.0000 622.0000 622.0000
623 623.0000 1.0000 623.0000 623.0000 623.0000 623.0000 623.0000
624 624.0000 1.0000 624.0000 624.0000 624.0000 624.0000 624.0000
625 625.0000 1.0000 625.0000 625.0000 625.0000 625.0000 625.0000
626 626.0000 1.0000 626.0000 626.0000 626.0000 626.0000 626.0000
627 627.0000 1.0000 627.0000 627.0000 627.0000 627.0000 627.0000
628 628.0000 1.0000 628.0000 628.0000 628.0000 628.0000 628.0000
629 629.0000 1.0000 629.0000 629.0000 629.0000 629.0000 629.0000
630 630.0000 1.0000 630.0000 630.0000 630.0000 630.0000 630.0000
631 631.0000 1.0000 631.0000 631.0000 631.0000 631.0000 631.0000
632 632.0000 1.0000 632.0000 632.0000 632.0000 632.0000 632.0000
633 633.0000 1.0000 633.0000 633.0000 633.0000 633.0000 633.0000
634 634.0000 1.0000 634.0000 634.0000 634.0000 634.0000 634.0000
635 635.0000 1.0000 635.0000 635.0000 635.0000 635.0000 635.0000
636 636.0000 1.0000 636.0000 636.0000 636.0000 636.0000 636.0000
637 637.0000 1.0000 637.0000 637.0000 637.0000 637.0000 637.0000
638 638.0000 1.0000 638.0000 638.0000 638.0000 638.0000 638.0000
639 639.0000 1.0000 639.0000 639.0000 639.0000 639.0000 639.0000
640 640.0000 1.0000 640.0000 640.0000 640.0000 640.0000 640.0000
641 641.0000 1.0000 641.0000 641.0000 641.0000 641.0000 641.0000
642 642.0000 1.0000 642.0000 642.0000 642.0000 642.0000 642.0000
643 643.0000 1.0000 643.0000 643.0000 643.0000 643.0000 643.0000
644 644.0000 1.0000 644.0000 644.0000 644.0000 644.0000 644.0000
645 645.0000 1.0000 645.0000 645.0000 645.0000 645.0000 645.0000
646 646.0000 1.0000 646.0000 646.0000 646.0000 646.0000 646.0000
647 647.0000 1.0000 647.0000 647.0000 647.0000 647.0000 647.0000
648 648.0000 1.0000 648.0000 648.0000 648.0000 648.0000 648.0000
649 649.0000 1.0000 649.0000 649.0000 649.0000 649.0000 649.0000
650 650.0000 1.0000 650.0000 650.0000 650.0000 650.0000 650.0000
651 651.0000 1.0000 651.0000 651.0000 651.0000 651.0000 651.0000
652 652.0000 1.0000 652.0000 652.0000 652.0000 652.0000 652.0000
653 653.0000 1.0000 653.0000 653.0000 653.0000 653.0000 653.0000
654 654.0000 1.0000 654.0000 654.0000 654.0000 654.0000 654.0000
655 655.0000 1.0000 655.0000 655.0000 655.0000 655.0000 655.0000
656 656.0000 1.0000 656.0000 656.0000 656.0000 656.0000 656.0000
657 657.0000 1.0000 657.0000 657.0000 657.0000 657.0000 657.0000
658 658.0000 1.0000 658.0000 658.0000 658.0000 658.0000 658.0000
659 659.0000 1.0000 659.0000 659.0000 659.0000 659.0000 659.0000
660 660.0000 1.0000 660.0000 660.0000 660.0000 660.0000 660.0000
661 661.0000 1.0000 661.0000 661.0000 661.0000 661.0000 661.0000
662 662.0000 1.0000 662.0000 662.0000 662.0000 662.0000 662.0000
663 663.0000 1.0000 663.0000 663.0000 663.0000 663.0000 663.0000
664 664.0000 1.0000 664.0000 664.0000 664.0000 664.0000 664.0000
665 665.0000 1.0000 665.0000 665.0000 665.0000 665.0000 665.0000
666 666.0000 1.0000 666.0000 666.0000 666.0000 666.0000 666.0000
667 667.0000 1.0000 667.0000 667.0000 667.0000 667.0000 667.0000
668 668.0000 1.0000 668.0000 668.0000 668.0000 668.0000 668.0000
669 669.0000 1.0000 669.0000 669.0000 669.0000 669.0000 669.0000
670 670.0000 1.0000 670.0000 670.0000 670.0000 670.0000 670.0000
671 671.0000 1.0000 671.0000 671.0000 671.0000 671.0000 671.0000
672 672.0000 1.0000 672.0000 672.0000 672.0000 672.0000 672.0000
673 673.0000 1.0000 673.0000 673.0000 673.0000 673.0000 673.0000
674 674.0000 1.0000 674.0000 674.0000 674.0000 674.0000 674.0000
675 675.0000 1.0000 675.0000 675.0000 675.0000 675.0000 675.0000
676 676.0000 1.0000 676.0000 676.0000 676.0000 676.0000 676.0000
677 677.0000 1.0000 677.0000 677.0000 677.0000 677.0000 677.0000
678 678.0000 1.0000 678.0000 678.0000 678.0000 678.0000 678.0000
679 679.0000 1.0000 679.0000 679.0000 679.0000 679.0000 679.0000
680 680.0000 1.0000 680.0000 680.0000 680.0000 680.0000 680.0000
681 681.0000 1.0000 681.0000 681.0000 681.0000 681.0000 681.0000
682 682.0000 1.0000 682.0000 682.0000 682.0000 682.0000 682.0000
683 683.0000 1.0000 683.0000 683.0000 683.0000 683.0000 683.0000
684 684.0000 1.0000 684.0000 684.0000 684.0000 684.0000 684.0000
685 685.0000 1.0000 685.0000 685.0000 685.0000 685.0000 685.0000
686 686.0000 1.0000 686.0000 686.0000 686.0000 686.0000 686.0000
687 687.0000 1.0000 687.0000 687.0000 687.0000 687.0000 687.0000
688 688.0000 1.0000 688.0000 688.0000 688.0000 688.0000 688.0000
689 689.0000 1.0000 689.0000 689.0000 689.0000 689.0000 689.0000
690 690.0000 1.0000 690.0000 690.0000 690.0000 690.0000 690.0000
691 691.0000 1.0000 691.0000 691.0000 691.0000 691.0000 691.0000
692 692.0000 1.0000 692.0000 692.0000 692.0000 692.0000 692.0000
693 693.0000 1.0000 693.0000 693.0000 693.0000 693.0000 693.0000
694 694.0000 1.0000 694.0000 694.0000 694.0000 694.0000 694.0000
695 695.0000 1.0000 695.0000 695.0000 695.0000 695.0000 695.0000
696 696.0000 1.0000 696.0000 696.0000 696.0000 696.0000 696.0000
697 697.0000 1.0000 697.0000 697.0000 697.0000 697.0000 697.0000
698 698.0000 1.0000 698.0000 698.0000 698.0000 698.0000 698.0000
699 699.0000 1.0000 699.0000 699.0000 699.0000 699.0000 699.0000
700 700.0000 1.0000 700.0000 700.0000 700.0000 700.0000 700.0000
701 701.0000 1.0000 701.0000 701.0000 701.0000 701.0000 701.0000
702 702.0000 1.0000 702.0000 702.0000 702.0000 702.0000 702.0000
703 703.0000 1.0000 703.0000 703.0000 703.0000 703.0000 703.0000
704 704.0000 1.0000 704.0000 704.0000 704.0000 704.0000 704.0000
705 705.0000 1.0000 705.0000 705.0000 705.0000 705.0000 705.0000
706 706.0000 1.0000 706.0000 706.0000 706.0000 706.0000 706.0000
707 707.0000 1.0000 707.0000 707.0000 707.0000 707.0000 707.0000
708 708.0000 1.0000 708.0000 708.0000 708.0000 708.0000 708.0000
709 709.0000 1.0000 709.0000 709.0000 709.0000 709.0000 709.0000
710 710.0000 1.0000 710.0000 710.0000 710.0000 710.0000 710.0000
711 711.0000 1.0000 711.0000 711.0000 711.0000 711.0000 711.0000
712 712.0000 1.0000 712.0000 712.0000 712.0000 712.0000 712.0000
713 713.0000 1.0000 713.0000 713.0000 713.0000 713.0000 713.0000
714 714.0000 1.0000 714.0000 714.0000 714.0000 714.0000 714.0000
715 715.0000 1.0000 715.0000 715.0000 715.0000 715.0000 715.0000
716 716.0000 1.0000 716.0000 716.0000 716.0000 716.0000 716.0000
717 717.0000 1.0000 717.0000 717.0000 717.0000 717.0000 717.0000
718 718.0000 1.0000 718.0000 718.0000 718.0000 718.0000 718.0000
719 719.0000 1.0000 719.0000 719.0000 719.0000 719.0000 719.0000
720 720.0000 1.0000 720.0000 720.0000 720.0000 720.0000 720.0000
721 721.0000 1.0000 721.0000 721.0000 721.0000 721.0000 721.0000
722 722.0000 1.0000 722.0000 722.0000 722.0000 722.0000 722.0000
723 723.0000 1.0000 723.0000 723.0000 723.0000 723.0000 723.0000
724 724.0000 1.0000 724.0000 724.0000 724.0000 724.0000 724.0000
725 725.0000 1.0000 725.0000 725.0000 725.0000 725.0000 725.0000
726 726.0000 1.0000 726.0000 726.0000 726.0000 726.0000 726.0000
727 727.0000 1.0000 727.0000 727.0000 727.0000 727.0000 727.0000
728 728.0000 1.0000 728.0000 728.0000 728.0000 728.0000 728.0000
729 729.0000 1.0000 729.0000 729.0000 729.0000 729.0000 729.0000
730 730.0000 1.0000 730.0000 730.0000 730.0000 730.0000 730.0000
731 731.0000 1.0000 731.0000 731.0000 731.0000 731.0000 731.0000
732 732.0000 1.0000 732.0000 732.0000 732.0000 732.0000 732.0000
733 733.0000 1.0000 733.0000 733.0000 733.0000 733.0000 733.0000
734 734.0000 1.0000 734.0000 734.0000 734.0000 734.0000 734.0000
735 735.0000 1.0000 735.0000 735.0000 735.0000 735.0000 735.0000
736 736.0000 1.0000 736.0000 736.0000 736.0000 736.0000 736.0000
737 737.0000 1.0000 737.0000 737.0000 737.0000 737.0000 737.0000
738 738.0000 1.0000 738.0000 738.0000 738.0000 738.0000 738.0000
739 739.0000 1.0000 739.0000 739.0000 739.0000 739.0000 739.0000
740 740.0000 1.0000 740.0000 740.0000 740.0000 740.0000 740.0000
741 741.0000 1.0000 741.0000 741.0000 741.0000 741.0000 741.0000
742 742.0000 1.0000 742.0000 742.0000 742.0000 742.0000 742.0000
743 743.0000 1.0000 743.0000 743.0000 743.0000 743.0000 743.0000
744 744.0000 1.0000 744.0000 744.0000 744.0000 744.0000 744.0000
745 745.0000 1.0000 745.0000 745.0000 745.0000 745.0000 745.0000
746 746.0000 1.0000 746.0000 746.0000 746.0000 746.0000 746.0000
747 747.0000 1.0000 747.0000 747.0000 747.0000 747.0000 747.0000
748 748.0000 1.0000 748.0000 748.0000 748.0000 748.0000 748.0000
749 749.0000 1.0000 749.0000 749.0000 749.0000 749.0000 749.0000
750 750.0000 1.0000 750.0000 750.0000 750.0000 750.0000 750.0000
751 751.0000 1.0000 751.0000 751.0000 751.0000 751.0000 751.0000
752 752.0000 1.0000 752.0000 752.0000 752.0000 752.0000 752.0000
753 753.0000 1.0000 753.0000 753.0000 753.0000 753.0000 753.0000
754 754.0000 1.0000 754.0000 754.0000 754.0000 754.0000 754.0000
755 755.0000 1.0000 755.0000 755.0000 755.0000 755.0000 755.0000
756 756.0000 1.0000 756.0000 756.0000 756.0000 756.0000 756.0000
757 757.0000 1.0000 757.0000 757.0000 757.0000 757.0000 757.0000
758 758.0000 1.0000 758.0000 758.0000 758.0000 758.0000 758.0000
759 759.0000 1.0000 759.0000 759.0000 759.0000 759.0000 759.0000
760 760.0000 1.0000 760.0000 760.0000 760.0000 760.0000 760.0000
761 761.0000 1.0000 761.0000 761.0000 761.0000 761.0000 761.0000
762 762.0000 1.0000 762.0000 762.0000 762.0000 762.0000 762.0000
763 763.0000 1.0000 763.0000 763.0000 763.0000 763.0000 763.0000
764 764.0000 1.0000 764.0000 764.0000 764.0000 764.0000 764.0000
765 765.0000 1.0000 765.0000 765.0000 765.0000 765.0000 765.0000
766 766.0000 1.0000 766.0000 766.0000 766.0000 766.0000 766.0000
767 767.0000 1.0000 767.0000 767.0000 767.0000 767.0000 767.0000
768 768.0000 1.0000 768.0000 768.0000 768.0000 768.0000 768.0000
769 769.0000 1.0000 769.0000 769.0000 769.0000 769.0000 769.0000
770 770.0000 1.0000 770.0000 770.0000 770.0000 770.0000 770.0000
771 771.0000 1.0000 771.0000 771.0000 771.0000 771.0000 771.0000
772 772.0000 1.0000 772.0000 772.0000 772.0000 772.0000 772.0000
773 773.0000 1.0000 773.0000 773.0000 773.0000 773.0000 773.0000
774 774.0000 1.0000 774.0000 774.0000 774.0000 774.0000 774.0000
775 775.0000 1.0000 775.0000 775.0000 775.0000 775.0000 775.0000
776 776.0000 1.0000 776.0000 776.0000 776.0000 776.0000 776.0000
777 777.0000 1.0000 777.0000 777.0000 777.0000 777.0000 777.0000
778 778.0000 1.0000 778.0000 778.0000 778.0000 778.0000 778.0000
779 779.0000 1.0000 779.0000 779.0000 779.0000 779.0000 779.0000
780 780.0000 1.0000 780.0000 780.0000 780.0000 780.0000 780.0000
781 781.0000 1.0000 781.0000 781.0000 781.0000 781.0000 781.0000
782 782.0000 1.0000 782.0000 782.0000 782.0000 782.0000 782.0000
783 783.0000 1.0000 783.0000 783.0000 783.0000 783.0000 783.0000
784 784.0000 1.0000 784.0000 784.0000 784.0000 784.0000 784.0000
785 785.0000 1.0000 785.0000 785.0000 785.0000 785.0000 785.0000
786 786.0000 1.0000 786.0000 786.0000 786.0000 786.0000 786.0000
787 787.0000 1.0000 787.0000 787.0000 787.0000 787.0000 787.0000
788 788.0000 1.0000 788.0000 788.0000 788.0000 788.0000 788.0000
789 789.0000 1.0000 789.0000 789.0000 789.0000 789.0000 789.0000
790 790.0000 1.0000 790.0000 790.0000 790.0000 790.0000 790.0000
791 791.0000 1.0000 791.0000 791.0000 791.0000 791.0000 791.0000
792 792.0000 1.0000 792.0000 792.0000 792.0000 792.0000 792.0000
793 793.0000 1.0000 793.0000 793.0000 793.0000 793.0000 793.0000
794 794.0000 1.0000 794.0000 794.0000 794.0000 794.0000 794.0000
795 795.0000 1.0000 795.0000 795.0000 795.0000 795.0000 795.0000
796 796.0000 1.0000 796.0000 796.0000 796.0000 796.0000 796.0000
797 797.0000 1.0000 797.0000 797.0000 797.0000 797.0000 797.0000
798 798.0000 1.0000 798.0000 798.0000 798.0000 798.0000 798.0000
799 799.0000 1.0000 799.0000 799.0000 799.0000 799.0000 799.0000
800 800.0000 1.0000 800.0000 800.0000 800.0000 800.0000 800.0000
801 801.0000 1.0000 801.0000 801.0000 801.0000 801.0000 801.0000
802 802.0000 1.0000 802.0000 802.0000 802.0000 802.0000 802.0000
803 803.0000 1.0000 803.0000 803.0000 803.0000 803.0000 803.0000
804 804.0000 1.0000 804.0000 804.0000 804.0000 804.0000 804.0000
805 805.0000 1.0000 805.0000 805.0000 805.0000 805.0000 805.0000
806 806.0000 1.0000 806.0000 806.0000 806.0000 806.0000 806.0000
807 807.0000 1.0000 807.0000 807.0000 807.0000 807.0000 807.0000
808 808.0000 1.0000 808.0000 808.0000 808.0000 808.0000 808.0000
809 809.0000 1.0000 809.0000 809.0000 809.0000 809.0000 809.0000
810 810.0000 1.0000 810.0000 810.0000 810.0000 810.0000 810.0000
811 811.0000 1.0000 811.0000 811.0000 811.0000 811.0000 811.0000
812 812.0000 1.0000 812.0000 812.0000 812.0000 812.0000 812.0000
813 813.0000 1.0000 813.0000 813.0000 813.0000 813.0000 813.0000
814 814.0000 1.0000 814.0000 814.0000 814.0000 814.0000 814.0000
815 815.0000 1.0000 815.0000 815.0000 815.0000 815.0000 815.0000
816 816.0000 1.0000 816.0000 816.0000 816.0000 816.0000 816.0000
817 817.0000 1.0000 817.0000 817.0000 817.0000 817.0000 817.0000
818 818.0000 1.0000 818.0000 818.0000 818.0000 818.0000 818.0000
819 819.0000 1.0000 819.0000 819.0000 819.0000 819.0000 819.0000
820 820.0000 1.0000 820.0000 820.0000 820.0000 820.0000 820.0000
821 821.0000 1.0000 821.0000 821.0000 821.0000 821.0000 821.0000
822 822.0000 1.0000 822.0000 822.0000 822.0000 822.0000 822.0000
823 823.0000 1.0000 823.0000 823.0000 823.0000 823.0000 823.0000
824 824.0000 1.0000 824.0000 824.0000 824.0000 824.0000 824.0000
825 825.0000 1.0000 825.0000 825.0000 825.0000 825.0000 825.0000
826 826.0000 1.0000 826.0000 826.0000 826.0000 826.0000 826.0000
827 827.0000 1.0000 827.0000 827.0000 827.0000 827.0000 827.0000
828 828.0000 1.0000 828.0000 828.0000 828.0000 828.0000 828.0000
829 829.0000 1.0000 829.0000 829.0000 829.0000 829.0000 829.0000
830 830.0000 1.0000 830.0000 830.0000 830.0000 830.0000 830.0000
831 831.0000 1.0000 831.0000 831.0000 831.0000 831.0000 831.0000
832 832.0000 1.0000 832.0000 832.0000 832.0000 832.0000 832.0000
833 833.0000 1.0000 833.0000 833.0000 833.0000 833.0000 833.0000
834 834.0000 1.0000 834.0000 834.0000 834.0000 834.0000 834.0000
835 835.0000 1.0000 835.0000 835.0000 835.0000 835.0000 835.0000
836 836.0000 1.0000 836.0000 836.0000 836.0000 836.0000 836.0000
837 837.0000 1.0000 837.0000 837.0000 837.0000 837.0000 837.0000
838 838.0000 1.0000 838.0000 838.0000 838.0000 838.0000 838.0000
839 839.0000 1.0000 839.0000 839.0000 839.0000 839.0000 839.0000
840 840.0000 1.0000 840.0000 840.0000 840.0000 840.0000 840.0000
841 841.0000 1.0000 841.0000 841.0000 841.0000 841.0000 841.0000
842 842.0000 1.0000 842.0000 842.0000 842.0000 842.0000 842.0000
843 843.0000 1.0000 843.0000 843.0000 843.0000 843.0000 843.0000
844 844.0000 1.0000 844.0000 844.0000 844.0000 844.0000 844.0000
845 845.0000 1.0000 845.0000 845.0000 845.0000 845.0000 845.0000
846 846.0000 1.0000 846.0000 846.0000 846.0000 846.0000 846.0000
847 847.0000 1.0000 847.0000 847.0000 847.0000 847.0000 847.0000
848 848.0000 1.0000 848.0000 848.0000 848.0000 848.0000 848.0000
849 849.0000 1.0000 849.0000 849.0000 849.0000 849.0000 849.0000
850 850.0000 1.0000 850.0000 850.0000 850.0000 850.0000 850.0000
851 851.0000 1.0000 851.0000 851.0000 851.0000 851.0000 851.0000
852 852.0000 1.0000 852.0000 852.0000 852.0000 852.0000 852.0000
853 853.0000 1.0000 853.0000 853.0000 853.0000 853.0000 853.0000
854 854.0000 1.0000 854.0000 854.0000 854.0000 854.0000 854.0000
855 855.0000 1.0000 855.0000 855.0000 855.0000 855.0000 855.0000
856 856.0000 1.0000 856.0000 856.0000 856.0000 856.0000 856.0000
857 857.0000 1.0000 857.0000 857.0000 857.0000 857.0000 857.0000
858 858.0000 1.0000 858.0000 858.0000 858.0000 858.0000 858.0000
859 859.0000 1.0000 859.0000 859.0000 859.0000 859.0000 859.0000
860 860.0000 1.0000 860.0000 860.0000 860.0000 860.0000 860.0000
861 861.0000 1.0000 861.0000 861.0000 861.0000 861.0000 861.0000
862 862.0000 1.0000 862.0000 862.0000 862.0000 862.0000 862.0000
863 863.0000 1.0000 863.0000 863.0000 863.0000 863.0000 863.0000
864 864.0000 1.0000 864.0000 864.0000 864.0000 864.0000 864.0000
865 865.0000 1.0000 865.0000 865.0000 865.0000 865.0000 865.0000
866 866.0000 1.0000 866.0000 866.0000 866.0000 866.0000 866.0000
867 867.0000 1.0000 867.0000 867.0000 867.0000 867.0000 867.0000
868 868.0000 1.0000 868.0000 868.0000 868.0000 868.0000 868.0000
869 869.0000 1.0000 869.0000 869.0000 869.0000 869.0000 869.0000
870 870.0000 1.0000 870.0000 870.0000 870.0000 870.0000 870.0000
871 871.0000 1.0000 871.0000 871.0000 871.0000 871.0000 871.0000
872 872.0000 1.0000 872.0000 872.0000 872.0000 872.0000 872.0000
873 873.0000 1.0000 873.0000 873.0000 873.0000 873.0000 873.0000
874 874.0000 1.0000 874.0000 874.0000 874.0000 874.0000 874.0000
875 875.0000 1.0000 875.0000 875.0000 875.0000 875.0000 875.0000
876 876.0000 1.0000 876.0000 876.0000 876.0000 876.0000 876.0000
877 877.0000 1.0000 877.0000 877.0000 877.0000 877.0000 877.0000
878 878.0000 1.0000 878.0000 878.0000 878.0000 878.0000 878.0000
879 879.0000 1.0000 879.0000 879.0000 879.0000 879.0000 879.0000
880 880.0000 1.0000 880.0000 880.0000 880.0000 880.0000 880.0000
881 881.0000 1.0000 881.0000 881.0000 881.0000 881.0000 881.0000
882 882.0000 1.0000 882.0000 882.0000 882.0000 882.0000 882.0000
883 883.0000 1.0000 883.0000 883.0000 883.0000 883.0000 883.0000
884 884.0000 1.0000 884.0000 884.0000 884.0000 884.0000 884.0000
885 885.0000 1.0000 885.0000 885.0000 885.0000 885.0000 885.0000
886 886.0000 1.0000 886.0000 886.0000 886.0000 886.0000 886.0000
887 887.0000 1.0000 887.0000 887.0000 887.0000 887.0000 887.0000
888 888.0000 1.0000 888.0000 888.0000 888.0000 888.0000 888.0000
889 889.0000 1.0000 889.0000 889.0000 889.0000 889.0000 889.0000
890 890.0000 1.0000 890.0000 890.0000 890.0000 890.0000 890.0000
891 891.0000 1.0000 891.0000 891.0000 891.0000 891.0000 891.0000
892 892.0000 1.0000 892.0000 892.0000 892.0000 892.0000 892.0000
893 893.0000 1.0000 893.0000 893.0000 893.0000 893.0000 893.0000
894 894.0000 1.0000 894.0000 894.0000 894.0000 894.0000 894.0000
895 895.0000 1.0000 895.0000 895.0000 895.0000 895.0000 895.0000
896 896.0000 1.0000 896.0000 896.0000 896.0000 896.0000 896.0000
897 897.0000 1.0000 897.0000 897.0000 897.0000 897.0000 897.0000
898 898.0000 1.0000 898.0000 898.0000 898.0000 898.0000 898.0000
899 899.0000 1.0000 899.0000 899.0000 899.0000 899.0000 899.0000
900 900.0000 1.0000 900.0000 900.0000 900.0000 900.0000 900.0000
901 901.0000 1.0000 901.0000 901.0000 901.0000 901.0000 901.0000
902 902.0000 1.0000 902.0000 902.0000 902.0000 902.0000 902.0000
903 903.0000 1.0000 903.0000 903.0000 903.0000 903.0000 903.0000
904 904.0000 1.0000 904.0000 904.0000 904.0000 904.0000 904.0000
905 905.0000 1.0000 905.0000 905.0000 905.0000 905.0000 905.0000
906 906.0000 1.0000 906.0000 906.0000 906.0000 906.0000 906.0000
907 907.0000 1.0000 907.0000 907.0000 907.0000 907.0000 907.0000
908 908.0000 1.0000 908.0000 908.0000 908.0000 908.0000 908.0000
909 909.0000 1.0000 909.0000 909.0000 909.0000 909.0000 909.0000
910 910.0000 1.0000 910.0000 910.0000 910.0000 910.0000 910.0000
911 911.0000 1.0000 911.0000 911.0000 911.0000 911.0000 911.0000
912 912.0000 1.0000 912.0000 912.0000 912.0000 912.0000 912.0000
913 913.0000 1.0000 913.0000 913.0000 913.0000 913.0000 913.0000
914 914.0000 1.0000 914.0000 914.0000 914.0000 914.0000 914.0000
915 915.0000 1.0000 915.0000 915.0000 915.0000 915.0000 915.0000
916 916.0000 1.0000 916.0000 916.0000 916.0000 916.0000 916.0000
917 917.0000 1.0000 917.0000 917.0000 917.0000 917.0000 917.0000
918 918.0000 1.0000 918.0000 918.0000 918.0000 918.0000 918.0000
919 919.0000 1.0000 919.0000 919.0000 919.0000 919.0000 919.0000
920 920.0000 1.0000 920.0000 920.0000 920.0000 920.0000 920.0000
921 921.0000 1.0000 921.0000 921.0000 921.0000 921.0000 921.0000
922 922.0000 1.0000 922.0000 922.0000 922.0000 922.0000 922.0000
923 923.0000 1.0000 923.0000 923.0000 923.0000 923.0000 923.0000
924 924.0000 1.0000 924.0000 924.0000 924.0000 924.0000 924.0000
925 925.0000 1.0000 925.0000 925.0000 925.0000 925.0000 925.0000
926 926.0000 1.0000 926.0000 926.0000 926.0000 926.0000 926.0000
927 927.0000 1.0000 927.0000 927.0000 927.0000 927.0000 927.0000
928 928.0000 1.0000 928.0000 928.0000 928.0000 928.0000 928.0000
929 929.0000 1.0000 929.0000 929.0000 929.0000 929.0000 929.0000
930 930.0000 1.0000 930.0000 930.0000 930.0000 930.0000 930.0000
931 931.0000 1.0000 931.0000 931.0000 931.0000 931.0000 931.0000
932 932.0000 1.0000 932.0000 932.0000 932.0000 932.0000 932.0000
933 933.0000 1.0000 933.0000 933.0000 933.0000 933.0000 933.0000
934 934.0000 1.0000 934.0000 934.0000 934.0000 934.0000 934.0000
935 935.0000 1.0000 935.0000 935.0000 935.0000 935.0000 935.0000
936 936.0000 1.0000 936.0000 936.0000 936.0000 936.0000 936.0000
937 937.0000 1.0000 937.0000 937.0000 937.0000 937.0000 937.0000
938 938.0000 1.0000 938.0000 938.0000 938.0000 938.0000 938.0000
939 939.0000 1.0000 939.0000 939.0000 939.0000 939.0000 939.0000
940 940.0000 1.0000 940.0000 940.0000 940.0000 940.0000 940.0000
941 941.0000 1.0000 941.0000 941.0000 941.0000 941.0000 941.0000
942 942.0000 1.0000 942.0000 942.0000 942.0000 942.0000 942.0000
943 943.0000 1.0000 943.0000 943.0000 943.0000 943.0000 943.0000
944 944.0000 1.0000 944.0000 944.0000 944.0000 944.0000 944.0000
945 945.0000 1.0000 945.0000 945.0000 945.0000 945.0000 945.0000
946 946.0000 1.0000 946.0000 946.0000 946.0000 946.0000 946.0000
947 947.0000 1.0000 947.0000 947.0000 947.0000 947.0000 947.0000
948 948.0000 1.0000 948.0000 948.0000 948.0000 948.0000 948.0000
949 949.0000 1.0000 949.0000 949.0000 949.0000 949.0000 949.0000
950 950.0000 1.0000 950.0000 950.0000 950.0000 950.0000 950.0000
951 951.0000 1.0000 951.0000 951.0000 951.0000 951.0000 951.0000
952 952.0000 1.0000 952.0000 952.0000 952.0000 952.0000 952.0000
953 953.0000 1.0000 953.0000 953.0000 953.0000 953.0000 953.0000
954 954.0000 1.0000 954.0000 954.0000 954.0000 954.0000 954.0000
955 955.0000 1.0000 955.0000 955.0000 955.0000 955.0000 955.0000
956 956.0000 1.0000 956.0000 956.0000 956.0000 956.0000 956.0000
957 957.0000 1.0000 957.0000 957.0000 957.0000 957.0000 957.0000
958 958.0000 1.0000 958.0000 958.0000 958.0000 958.0000 958.0000
959 959.0000 1.0000 959.0000 959.0000 959.0000 959.0000 959.0000
960 960.0000 1.0000 960.0000 960.0000 960.0000 960.0000 960.0000
961 961.0000 1.0000 961.0000 961.0000 961.0000 961.0000 961.0000
962 962.0000 1.0000 962.0000 962.0000 962.0000 962.0000 962.0000
963 963.0000 1.0000 963.0000 963.0000 963.0000 963.0000 963.0000
964 964.0000 1.0000 964.0000 964.0000 964.0000 964.0000 964.0000
965 965.0000 1.0000 965.0000 965.0000 965.0000 965.0000 965.0000
966 966.0000 1.0000 966.0000 966.0000 966.0000 966.0000 966.0000
967 967.0000 1.0000 967.0000 967.0000 967.0000 967.0000 967.0000
968 968.0000 1.0000 968.0000 968.0000 968.0000 968.0000 968.0000
969 969.0000 1.0000 969.0000 969.0000 969.0000 969.0000 969.0000
970 970.0000 1.0000 970.0000 970.0000 970.0000 970.0000 970.0000
971 971.0000 1.0000 971.0000 971.0000 971.0000 971.0000 971.0000
972 972.0000 1.0000 972.0000 972.0000 972.0000 972.0000 972.0000
973 973.0000 1.0000 973.0000 973.0000 973.0000 973.0000 973.0000
974 974.0000 1.0000 974.0000 974.0000 974.0000 974.0000 974.0000
975 975.0000 1.0000 975.0000 975.0000 975.0000 975.0000 975.0000
976 976.0000 1.0000 976.0000 976.0000 976.0000 976.0000 976.0000
977 977.0000 1.0000 977.0000 977.0000 977.0000 977.0000 977.0000
978 978.0000 1.0000 978.0000 978.0000 978.0000 978.0000 978.0000
979 979.0000 1.0000 979.0000 979.0000 979.0000 979.0000 979.0000
980 980.0000 1.0000 980.0000 980.0000 980.0000 980.0000 980.0000
981 981.0000 1.0000 981.0000 981.0000 981.0000 981.0000 981.0000
982 982.0000 1.0000 982.0000 982.0000 982.0000 982.0000 982.0000
983 983.0000 1.0000 983.0000 983.0000 983.0000 983.0000 983.0000
984 984.0000 1.0000 984.0000 984.0000 984.0000 984.0000 984.0000
985 985.0000 1.0000 985.0000 985.0000 985.0000 985.0000 985.0000
986 986.0000 1.0000 986.0000 986.0000 986.0000 986.0000 986.0000
987 987.0000 1.0000 987.0000 987.0000 987.0000 987.0000 987.0000
988 988.0000 1.0000 988.0000 988.0000 988.0000 988.0000 988.0000
989 989.0000 1.0000 989.0000 989.0000 989.0000 989.0000 989.0000
990 990.0000 1.0000 990.0000 990.0000 990.0000 990.0000 990.0000
991 991.0000 1.0000 991.0000 991.0000 991.0000 991.0000 991.0000
992 992.0000 1.0000 992.0000 992.0000 992.0000 992.0000 992.0000
993 993.0000 1.0000 993.0000 993.0000 993.0000 993.0000 993.0000
994 994.0000 1.0000 994.0000 994.0000 994.0000 994.0000 994.0000
995 995.0000 1.0000 995.0000 995.0000 995.0000 995.0000 995.0000
996 996.0000 1.0000 996.0000 996.0000 996.0000 996.0000 996.0000
997 997.0000 1.0000 997.0000 997.0000 997.0000 997.0000 997.0000
998 998.0000 1.0000 998.0000 998.0000 998.0000 998.0000 998.0000
999 999.0000 1.0000 999.0000 999.0000 999.0000 999.0000 999.0000
1000 1000.0000 1.0000 1000.0000 1000.0000 1000.0000 1000.0000 1000.0000
