# n MergeSort ModifiedMergeSort
1 1.0000 1.0000
2 2.0000 1.2619
3 4.7549 3.0000
4 8.0000 5.0474
5 11.6096 7.3249
6 15.5098 9.7856
7 19.6515 12.3987
8 24.0000 15.1423
9 28.5293 18.0000
10 33.2193 20.9590
11 38.0537 24.0092
12 43.0196 27.1423
13 48.1057 30.3513
14 53.3030 33.6304
15 58.6034 36.9746
16 64.0000 40.3795
17 69.4869 43.8413
18 75.0587 47.3567
19 80.7106 50.9227
20 86.4386 54.5367
21 92.2387 58.1961
22 98.1075 61.8989
23 104.0419 65.6431
24 110.0391 69.4269
25 116.0964 73.2487
26 122.2114 77.1068
27 128.3820 81.0000
28 134.6059 84.9269
29 140.8814 88.8863
30 147.2067 92.8771
31 153.5801 96.8982
32 160.0000 100.9488
33 166.4650 105.0277
34 172.9737 109.1343
35 179.5249 113.2676
36 186.1173 117.4269
37 192.7498 121.6116
38 199.4212 125.8208
39 206.1307 130.0540
40 212.8771 134.3105
41 219.6596 138.5898
42 226.4773 142.8913
43 233.3294 147.2145
44 240.2150 151.5588
45 247.1334 155.9238
46 254.0838 160.3091
47 261.0657 164.7141
48 268.0782 169.1385
49 275.1208 173.5819
50 282.1928 178.0438
51 289.2937 182.5240
52 296.4229 187.0220
53 303.5798 191.5375
54 310.7639 196.0702
55 317.9748 200.6198
56 325.2119 205.1858
57 332.4747 209.7682
58 339.7629 214.3665
59 347.0759 218.9805
60 354.4134 223.6100
61 361.7750 228.2546
62 369.1602 232.9141
63 376.5686 237.5884
64 384.0000 242.2770
65 391.4539 246.9799
66 398.9300 251.6968
67 406.4280 256.4275
68 413.9475 261.1718
69 421.4882 265.9294
70 429.0498 270.7003
71 436.6320 275.4841
72 444.2346 280.2808
73 451.8572 285.0901
74 459.4995 289.9119
75 467.1614 294.7460
76 474.8425 299.5923
77 482.5426 304.4505
78 490.2614 309.3205
79 497.9987 314.2022
80 505.7542 319.0954
81 513.5279 324.0000
82 521.3193 328.9158
83 529.1283 333.8428
84 536.9547 338.7807
85 544.7982 343.7294
86 552.6588 348.6889
87 560.5361 353.6589
88 568.4300 358.6394
89 576.3403 363.6302
90 584.2668 368.6313
91 592.2093 373.6425
92 600.1677 378.6637
93 608.1418 383.6947
94 616.1314 388.7356
95 624.1363 393.7862
96 632.1564 398.8463
97 640.1915 403.9159
98 648.2416 408.9949
99 656.3063 414.0832
100 664.3856 419.1807
101 672.4794 424.2872
102 680.5874 429.4028
103 688.7096 434.5273
104 696.8457 439.6607
105 704.9958 444.8028
106 713.1596 449.9536
107 721.3370 455.1130
108 729.5279 460.2808
109 737.7321 465.4571
110 745.9496 470.6418
111 754.1802 475.8347
112 762.4238 481.0358
113 770.6802 486.2451
114 778.9495 491.4624
115 787.2314 496.6877
116 795.5258 501.9209
117 803.8327 507.1619
118 812.1519 512.4108
119 820.4833 517.6673
120 828.8269 522.9315
121 837.1825 528.2033
122 845.5500 533.4826
123 853.9293 538.7694
124 862.3203 544.0636
125 870.7230 549.3651
126 879.1373 554.6739
127 887.5630 559.9899
128 896.0000 565.3131
129 904.4483 570.6434
130 912.9078 575.9807
131 921.3784 581.3251
132 929.8600 586.6764
133 938.3526 592.0346
134 946.8560 597.3996
135 955.3701 602.7714
136 963.8949 608.1500
137 972.4304 613.5353
138 980.9764 618.9272
139 989.5328 624.3257
140 998.0996 629.7307
141 1006.6767 635.1423
142 1015.2641 640.5603
143 1023.8616 645.9847
144 1032.4692 651.4155
145 1041.0868 656.8526
146 1049.7144 662.2960
147 1058.3518 667.7457
148 1066.9991 673.2015
149 1075.6561 678.6634
150 1084.3228 684.1315
151 1092.9991 689.6057
152 1101.6850 695.0858
153 1110.3803 700.5720
154 1119.0851 706.0641
155 1127.7993 711.5621
156 1136.5227 717.0660
157 1145.2555 722.5757
158 1153.9974 728.0913
159 1162.7484 733.6126
160 1171.5085 739.1396
161 1180.2776 744.6723
162 1189.0557 750.2106
163 1197.8427 755.7546
164 1206.6385 761.3041
165 1215.4432 766.8593
166 1224.2565 772.4199
167 1233.0786 777.9860
168 1241.9093 783.5575
169 1250.7486 789.1345
170 1259.5965 794.7169
171 1268.4528 800.3046
172 1277.3175 805.8976
173 1286.1907 811.4960
174 1295.0722 817.0996
175 1303.9619 822.7084
176 1312.8600 828.3224
177 1321.7662 833.9416
178 1330.6806 839.5660
179 1339.6030 845.1954
180 1348.5336 850.8299
181 1357.4721 856.4695
182 1366.4186 862.1142
183 1375.3731 867.7638
184 1384.3354 873.4184
185 1393.3056 879.0779
186 1402.2835 884.7424
187 1411.2693 890.4118
188 1420.2627 896.0860
189 1429.2638 901.7651
190 1438.2726 907.4490
191 1447.2889 913.1376
192 1456.3128 918.8311
193 1465.3442 924.5293
194 1474.3831 930.2322
195 1483.4294 935.9398
196 1492.4831 941.6520
197 1501.5442 947.3689
198 1510.6126 953.0904
199 1519.6883 958.8166
200 1528.7712 964.5473
201 1537.8614 970.2825
202 1546.9587 976.0223
203 1556.0632 981.7666
204 1565.1748 987.5153
205 1574.2934 993.2686
206 1583.4191 999.0262
207 1592.5518 1004.7883
208 1601.6915 1010.5548
209 1610.8381 1016.3257
210 1619.9916 1022.1009
211 1629.1519 1027.8804
212 1638.3191 1033.6643
213 1647.4931 1039.4524
214 1656.6739 1045.2449
215 1665.8615 1051.0416
216 1675.0557 1056.8425
217 1684.2566 1062.6476
218 1693.4642 1068.4569
219 1702.6784 1074.2704
220 1711.8991 1080.0881
221 1721.1265 1085.9099
222 1730.3603 1091.7358
223 1739.6007 1097.5658
224 1748.8475 1103.3999
225 1758.1008 1109.2381
226 1767.3604 1115.0803
227 1776.6265 1120.9265
228 1785.8989 1126.7768
229 1795.1777 1132.6310
230 1804.4627 1138.4892
231 1813.7540 1144.3514
232 1823.0516 1150.2175
233 1832.3554 1156.0875
234 1841.6653 1161.9615
235 1850.9815 1167.8393
236 1860.3038 1173.7210
237 1869.6321 1179.6066
238 1878.9666 1185.4960
239 1888.3072 1191.3892
240 1897.6537 1197.2862
241 1907.0063 1203.1870
242 1916.3649 1209.0916
243 1925.7294 1215.0000
244 1935.0999 1220.9121
245 1944.4763 1226.8279
246 1953.8586 1232.7475
247 1963.2467 1238.6708
248 1972.6407 1244.5977
249 1982.0405 1250.5283
250 1991.4461 1256.4626
251 2000.8574 1262.4005
252 2010.2745 1268.3420
253 2019.6974 1274.2872
254 2029.1259 1280.2359
255 2038.5601 1286.1882
256 2048.0000 1292.1441
257 2057.4455 1298.1036
258 2066.8966 1304.0666
259 2076.3533 1310.0331
260 2085.8156 1316.0031
261 2095.2835 1321.9767
262 2104.7568 1327.9537
263 2114.2357 1333.9342
264 2123.7200 1339.9182
265 2133.2099 1345.9056
266 2142.7051 1351.8964
267 2152.2058 1357.8907
268 2161.7119 1363.8884
269 2171.2234 1369.8894
270 2180.7402 1375.8939
271 2190.2624 1381.9017
272 2199.7899 1387.9129
273 2209.3227 1393.9274
274 2218.8608 1399.9453
275 2228.4041 1405.9665
276 2237.9528 1411.9910
277 2247.5066 1418.0188
278 2257.0656 1424.0499
279 2266.6298 1430.0842
280 2276.1992 1436.1218
281 2285.7738 1442.1627
282 2295.3535 1448.2068
283 2304.9383 1454.2541
284 2314.5282 1460.3047
285 2324.1232 1466.3585
286 2333.7232 1472.4154
287 2343.3283 1478.4755
288 2352.9384 1484.5388
289 2362.5535 1490.6053
290 2372.1736 1496.6749
291 2381.7987 1502.7477
292 2391.4288 1508.8236
293 2401.0638 1514.9026
294 2410.7037 1520.9847
295 2420.3485 1527.0699
296 2429.9982 1533.1582
297 2439.6528 1539.2495
298 2449.3122 1545.3440
299 2458.9765 1551.4414
300 2468.6456 1557.5420
301 2478.3195 1563.6455
302 2487.9982 1569.7521
303 2497.6817 1575.8617
304 2507.3700 1581.9743
305 2517.0630 1588.0899
306 2526.7607 1594.2085
307 2536.4631 1600.3300
308 2546.1703 1606.4546
309 2555.8821 1612.5820
310 2565.5986 1618.7125
311 2575.3197 1624.8458
312 2585.0455 1630.9821
313 2594.7759 1637.1213
314 2604.5109 1643.2634
315 2614.2505 1649.4084
316 2623.9947 1655.5563
317 2633.7435 1661.7071
318 2643.4968 1667.8608
319 2653.2546 1674.0173
320 2663.0170 1680.1767
321 2672.7839 1686.3389
322 2682.5552 1692.5039
323 2692.3311 1698.6718
324 2702.1114 1704.8425
325 2711.8962 1711.0160
326 2721.6854 1717.1923
327 2731.4790 1723.3714
328 2741.2771 1729.5533
329 2751.0795 1735.7379
330 2760.8863 1741.9253
331 2770.6975 1748.1155
332 2780.5131 1754.3084
333 2790.3330 1760.5041
334 2800.1572 1766.7025
335 2809.9858 1772.9036
336 2819.8187 1779.1075
337 2829.6558 1785.3140
338 2839.4972 1791.5233
339 2849.3430 1797.7352
340 2859.1929 1803.9499
341 2869.0471 1810.1672
342 2878.9056 1816.3872
343 2888.7682 1822.6098
344 2898.6351 1828.8351
345 2908.5061 1835.0631
346 2918.3814 1841.2936
347 2928.2608 1847.5268
348 2938.1443 1853.7627
349 2948.0320 1860.0011
350 2957.9239 1866.2422
351 2967.8199 1872.4858
352 2977.7199 1878.7321
353 2987.6241 1884.9809
354 2997.5324 1891.2324
355 3007.4447 1897.4863
356 3017.3611 1903.7429
357 3027.2816 1910.0020
358 3037.2060 1916.2637
359 3047.1346 1922.5279
360 3057.0671 1928.7946
361 3067.0037 1935.0639
362 3076.9442 1941.3357
363 3086.8887 1947.6100
364 3096.8372 1953.8868
365 3106.7897 1960.1661
366 3116.7461 1966.4479
367 3126.7065 1972.7322
368 3136.6708 1979.0189
369 3146.6390 1985.3082
370 3156.6111 1991.5999
371 3166.5872 1997.8941
372 3176.5671 2004.1907
373 3186.5509 2010.4898
374 3196.5385 2016.7913
375 3206.5300 2023.0952
376 3216.5254 2029.4016
377 3226.5246 2035.7104
378 3236.5276 2042.0216
379 3246.5345 2048.3352
380 3256.5451 2054.6512
381 3266.5596 2060.9696
382 3276.5778 2067.2904
383 3286.5998 2073.6136
384 3296.6256 2079.9392
385 3306.6551 2086.2671
386 3316.6884 2092.5974
387 3326.7254 2098.9301
388 3336.7662 2105.2651
389 3346.8106 2111.6024
390 3356.8588 2117.9421
391 3366.9107 2124.2841
392 3376.9663 2130.6285
393 3387.0255 2136.9752
394 3397.0884 2143.3242
395 3407.1550 2149.6755
396 3417.2252 2156.0291
397 3427.2991 2162.3850
398 3437.3766 2168.7432
399 3447.4577 2175.1037
400 3457.5425 2181.4664
401 3467.6308 2187.8315
402 3477.7228 2194.1988
403 3487.8183 2200.5684
404 3497.9174 2206.9402
405 3508.0201 2213.3143
406 3518.1264 2219.6906
407 3528.2362 2226.0692
408 3538.3495 2232.4500
409 3548.4664 2238.8330
410 3558.5868 2245.2183
411 3568.7108 2251.6058
412 3578.8382 2257.9955
413 3588.9692 2264.3874
414 3599.1036 2270.7815
415 3609.2415 2277.1779
416 3619.3829 2283.5764
417 3629.5278 2289.9771
418 3639.6761 2296.3800
419 3649.8279 2302.7850
420 3659.9831 2309.1922
421 3670.1418 2315.6016
422 3680.3039 2322.0132
423 3690.4694 2328.4269
424 3700.6383 2334.8428
425 3710.8106 2341.2608
426 3720.9863 2347.6810
427 3731.1654 2354.1033
428 3741.3479 2360.5277
429 3751.5337 2366.9542
430 3761.7229 2373.3829
431 3771.9155 2379.8137
432 3782.1114 2386.2466
433 3792.3107 2392.6816
434 3802.5132 2399.1187
435 3812.7191 2405.5579
436 3822.9284 2411.9993
437 3833.1409 2418.4426
438 3843.3567 2424.8881
439 3853.5759 2431.3357
440 3863.7983 2437.7853
441 3874.0240 2444.2370
442 3884.2529 2450.6907
443 3894.4852 2457.1466
444 3904.7206 2463.6044
445 3914.9594 2470.0644
446 3925.2014 2476.5263
447 3935.4466 2482.9903
448 3945.6950 2489.4564
449 3955.9467 2495.9245
450 3966.2015 2502.3946
451 3976.4596 2508.8667
452 3986.7209 2515.3408
453 3996.9854 2521.8170
454 4007.2530 2528.2952
455 4017.5238 2534.7753
456 4027.7978 2541.2575
457 4038.0750 2547.7417
458 4048.3553 2554.2278
459 4058.6388 2560.7160
460 4068.9254 2567.2061
461 4079.2152 2573.6982
462 4089.5081 2580.1923
463 4099.8041 2586.6884
464 4110.1032 2593.1864
465 4120.4054 2599.6864
466 4130.7107 2606.1883
467 4141.0192 2612.6922
468 4151.3307 2619.1980
469 4161.6453 2625.7058
470 4171.9630 2632.2156
471 4182.2837 2638.7272
472 4192.6075 2645.2408
473 4202.9344 2651.7564
474 4213.2643 2658.2738
475 4223.5973 2664.7932
476 4233.9333 2671.3145
477 4244.2723 2677.8377
478 4254.6143 2684.3628
479 4264.9594 2690.8898
480 4275.3075 2697.4187
481 4285.6586 2703.9495
482 4296.0127 2710.4822
483 4306.3697 2717.0168
484 4316.7298 2723.5533
485 4327.0929 2730.0916
486 4337.4589 2736.6319
487 4347.8279 2743.1740
488 4358.1998 2749.7179
489 4368.5747 2756.2638
490 4378.9526 2762.8115
491 4389.3334 2769.3610
492 4399.7171 2775.9124
493 4410.1038 2782.4657
494 4420.4934 2789.0208
495 4430.8859 2795.5778
496 4441.2814 2802.1366
497 4451.6797 2808.6972
498 4462.0810 2815.2596
499 4472.4851 2821.8239
500 4482.8921 2828.3900
501 4493.3021 2834.9580
502 4503.7149 2841.5277
503 4514.1305 2848.0993
504 4524.5491 2854.6726
505 4534.9705 2861.2478
506 4545.3947 2867.8248
507 4555.8219 2874.4036
508 4566.2518 2880.9841
509 4576.6846 2887.5665
510 4587.1203 2894.1507
511 4597.5587 2900.7366
512 4608.0000 2907.3243
513 4618.4441 2913.9138
514 4628.8910 2920.5051
515 4639.3407 2927.0981
516 4649.7933 2933.6929
517 4660.2486 2940.2895
518 4670.7067 2946.8878
519 4681.1676 2953.4879
520 4691.6313 2960.0898
521 4702.0977 2966.6934
522 4712.5669 2973.2987
523 4723.0389 2979.9058
524 4733.5137 2986.5146
525 4743.9911 2993.1252
526 4754.4714 2999.7375
527 4764.9544 3006.3515
528 4775.4401 3012.9672
529 4785.9285 3019.5847
530 4796.4197 3026.2039
531 4806.9136 3032.8248
532 4817.4103 3039.4475
533 4827.9096 3046.0718
534 4838.4116 3052.6979
535 4848.9164 3059.3256
536 4859.4238 3065.9551
537 4869.9339 3072.5862
538 4880.4468 3079.2191
539 4890.9622 3085.8536
540 4901.4804 3092.4898
541 4912.0013 3099.1277
542 4922.5248 3105.7673
543 4933.0510 3112.4086
544 4943.5798 3119.0516
545 4954.1113 3125.6962
546 4964.6454 3132.3425
547 4975.1822 3138.9905
548 4985.7216 3145.6401
549 4996.2636 3152.2914
550 5006.8083 3158.9443
551 5017.3556 3165.5989
552 5027.9055 3172.2552
553 5038.4580 3178.9131
554 5049.0132 3185.5726
555 5059.5709 3192.2338
556 5070.1312 3198.8967
557 5080.6942 3205.5611
558 5091.2597 3212.2272
559 5101.8278 3218.8950
560 5112.3985 3225.5643
561 5122.9718 3232.2353
562 5133.5476 3238.9079
563 5144.1260 3245.5821
564 5154.7070 3252.2580
565 5165.2905 3258.9355
566 5175.8766 3265.6145
567 5186.4652 3272.2952
568 5197.0564 3278.9775
569 5207.6501 3285.6614
570 5218.2463 3292.3469
571 5228.8451 3299.0340
572 5239.4464 3305.7226
573 5250.0502 3312.4129
574 5260.6566 3319.1048
575 5271.2654 3325.7982
576 5281.8768 3332.4932
577 5292.4907 3339.1898
578 5303.1070 3345.8880
579 5313.7259 3352.5878
580 5324.3473 3359.2891
581 5334.9711 3365.9920
582 5345.5974 3372.6965
583 5356.2263 3379.4025
584 5366.8575 3386.1101
585 5377.4913 3392.8193
586 5388.1275 3399.5300
587 5398.7662 3406.2422
588 5409.4073 3412.9560
589 5420.0509 3419.6714
590 5430.6970 3426.3883
591 5441.3455 3433.1068
592 5451.9964 3439.8267
593 5462.6498 3446.5483
594 5473.3056 3453.2713
595 5483.9638 3459.9959
596 5494.6244 3466.7220
597 5505.2875 3473.4497
598 5515.9530 3480.1789
599 5526.6209 3486.9096
600 5537.2912 3493.6418
601 5547.9639 3500.3755
602 5558.6390 3507.1108
603 5569.3166 3513.8475
604 5579.9965 3520.5858
605 5590.6788 3527.3256
606 5601.3634 3534.0669
607 5612.0505 3540.8096
608 5622.7399 3547.5539
609 5633.4317 3554.2997
610 5644.1259 3561.0470
611 5654.8225 3567.7957
612 5665.5214 3574.5460
613 5676.2226 3581.2977
614 5686.9262 3588.0510
615 5697.6322 3594.8057
616 5708.3405 3601.5619
617 5719.0512 3608.3195
618 5729.7642 3615.0787
619 5740.4795 3621.8393
620 5751.1971 3628.6014
621 5761.9171 3635.3649
622 5772.6394 3642.1300
623 5783.3640 3648.8965
624 5794.0910 3655.6644
625 5804.8202 3662.4338
626 5815.5518 3669.2047
627 5826.2857 3675.9770
628 5837.0218 3682.7507
629 5847.7603 3689.5260
630 5858.5011 3696.3026
631 5869.2441 3703.0807
632 5879.9894 3709.8603
633 5890.7370 3716.6413
634 5901.4869 3723.4237
635 5912.2391 3730.2076
636 5922.9936 3736.9929
637 5933.7503 3743.7796
638 5944.5092 3750.5678
639 5955.2705 3757.3573
640 5966.0340 3764.1483
641 5976.7997 3770.9408
642 5987.5677 3777.7346
643 5998.3380 3784.5299
644 6009.1105 3791.3266
645 6019.8852 3798.1247
646 6030.6622 3804.9242
647 6041.4414 3811.7251
648 6052.2228 3818.5274
649 6063.0065 3825.3312
650 6073.7923 3832.1363
651 6084.5804 3838.9428
652 6095.3708 3845.7508
653 6106.1633 3852.5601
654 6116.9580 3859.3708
655 6127.7550 3866.1829
656 6138.5541 3872.9964
657 6149.3555 3879.8113
658 6160.1590 3886.6276
659 6170.9647 3893.4453
660 6181.7727 3900.2643
661 6192.5828 3907.0847
662 6203.3951 3913.9065
663 6214.2095 3920.7297
664 6225.0262 3927.5542
665 6235.8450 3934.3802
666 6246.6660 3941.2074
667 6257.4891 3948.0361
668 6268.3145 3954.8661
669 6279.1419 3961.6975
670 6289.9716 3968.5302
671 6300.8034 3975.3643
672 6311.6373 3982.1998
673 6322.4734 3989.0366
674 6333.3116 3995.8747
675 6344.1520 4002.7143
676 6354.9945 4009.5551
677 6365.8391 4016.3973
678 6376.6859 4023.2409
679 6387.5348 4030.0858
680 6398.3858 4036.9320
681 6409.2390 4043.7796
682 6420.0942 4050.6285
683 6430.9516 4057.4787
684 6441.8111 4064.3303
685 6452.6727 4071.1832
686 6463.5364 4078.0374
687 6474.4022 4084.8930
688 6485.2702 4091.7499
689 6496.1402 4098.6081
690 6507.0123 4105.4676
691 6517.8865 4112.3285
692 6528.7627 4119.1907
693 6539.6411 4126.0541
694 6550.5215 4132.9189
695 6561.4041 4139.7851
696 6572.2887 4146.6525
697 6583.1753 4153.5212
698 6594.0641 4160.3912
699 6604.9549 4167.2626
700 6615.8478 4174.1352
701 6626.7427 4181.0091
702 6637.6397 4187.8844
703 6648.5388 4194.7609
704 6659.4399 4201.6387
705 6670.3430 4208.5179
706 6681.2482 4215.3983
707 6692.1554 4222.2800
708 6703.0647 4229.1630
709 6713.9760 4236.0473
710 6724.8894 4242.9328
711 6735.8048 4249.8197
712 6746.7222 4256.7078
713 6757.6416 4263.5972
714 6768.5631 4270.4879
715 6779.4866 4277.3798
716 6790.4121 4284.2730
717 6801.3396 4291.1675
718 6812.2691 4298.0633
719 6823.2007 4304.9603
720 6834.1342 4311.8586
721 6845.0698 4318.7582
722 6856.0073 4325.6590
723 6866.9469 4332.5611
724 6877.8884 4339.4644
725 6888.8320 4346.3691
726 6899.7775 4353.2749
727 6910.7250 4360.1820
728 6921.6745 4367.0904
729 6932.6260 4374.0000
730 6943.5794 4380.9109
731 6954.5349 4387.8230
732 6965.4923 4394.7363
733 6976.4517 4401.6509
734 6987.4130 4408.5668
735 6998.3763 4415.4838
736 7009.3416 4422.4022
737 7020.3088 4429.3217
738 7031.2780 4436.2425
739 7042.2492 4443.1645
740 7053.2223 4450.0878
741 7064.1973 4457.0123
742 7075.1743 4463.9380
743 7086.1533 4470.8649
744 7097.1342 4477.7931
745 7108.1170 4484.7225
746 7119.1017 4491.6531
747 7130.0884 4498.5849
748 7141.0771 4505.5180
749 7152.0676 4512.4523
750 7163.0601 4519.3877
751 7174.0545 4526.3244
752 7185.0508 4533.2623
753 7196.0491 4540.2015
754 7207.0492 4547.1418
755 7218.0513 4554.0833
756 7229.0553 4561.0261
757 7240.0612 4567.9700
758 7251.0690 4574.9152
759 7262.0787 4581.8615
760 7273.0903 4588.8090
761 7284.1038 4595.7578
762 7295.1192 4602.7077
763 7306.1364 4609.6589
764 7317.1556 4616.6112
765 7328.1767 4623.5647
766 7339.1996 4630.5194
767 7350.2245 4637.4753
768 7361.2512 4644.4324
769 7372.2798 4651.3907
770 7383.3103 4658.3501
771 7394.3426 4665.3108
772 7405.3768 4672.2726
773 7416.4129 4679.2356
774 7427.4509 4686.1997
775 7438.4907 4693.1651
776 7449.5324 4700.1316
777 7460.5759 4707.0993
778 7471.6213 4714.0682
779 7482.6685 4721.0382
780 7493.7176 4728.0094
781 7504.7686 4734.9818
782 7515.8214 4741.9553
783 7526.8760 4748.9300
784 7537.9325 4755.9059
785 7548.9908 4762.8829
786 7560.0510 4769.8611
787 7571.1130 4776.8405
788 7582.1768 4783.8210
789 7593.2425 4790.8026
790 7604.3100 4797.7854
791 7615.3793 4804.7694
792 7626.4504 4811.7545
793 7637.5234 4818.7408
794 7648.5982 4825.7282
795 7659.6748 4832.7167
796 7670.7532 4839.7064
797 7681.8334 4846.6973
798 7692.9155 4853.6893
799 7703.9993 4860.6824
800 7715.0850 4867.6766
801 7726.1724 4874.6721
802 7737.2617 4881.6686
803 7748.3527 4888.6663
804 7759.4456 4895.6651
805 7770.5402 4902.6650
806 7781.6366 4909.6661
807 7792.7349 4916.6683
808 7803.8349 4923.6716
809 7814.9367 4930.6761
810 7826.0403 4937.6817
811 7837.1456 4944.6884
812 7848.2528 4951.6962
813 7859.3617 4958.7051
814 7870.4724 4965.7152
815 7881.5848 4972.7264
816 7892.6991 4979.7387
817 7903.8151 4986.7521
818 7914.9329 4993.7666
819 7926.0524 5000.7823
820 7937.1737 5007.7990
821 7948.2967 5014.8169
822 7959.4215 5021.8359
823 7970.5481 5028.8560
824 7981.6764 5035.8771
825 7992.8065 5042.8994
826 8003.9383 5049.9228
827 8015.0719 5056.9473
828 8026.2072 5063.9729
829 8037.3443 5070.9996
830 8048.4830 5078.0274
831 8059.6236 5085.0563
832 8070.7658 5092.0863
833 8081.9098 5099.1174
834 8093.0556 5106.1496
835 8104.2030 5113.1828
836 8115.3522 5120.2172
837 8126.5032 5127.2526
838 8137.6558 5134.2892
839 8148.8102 5141.3268
840 8159.9662 5148.3655
841 8171.1240 5155.4053
842 8182.2835 5162.4461
843 8193.4448 5169.4881
844 8204.6077 5176.5311
845 8215.7724 5183.5752
846 8226.9387 5190.6204
847 8238.1068 5197.6667
848 8249.2765 5204.7140
849 8260.4480 5211.7624
850 8271.6212 5218.8119
851 8282.7960 5225.8625
852 8293.9726 5232.9141
853 8305.1508 5239.9668
854 8316.3308 5247.0205
855 8327.5124 5254.0754
856 8338.6957 5261.1312
857 8349.8807 5268.1882
858 8361.0674 5275.2462
859 8372.2558 5282.3053
860 8383.4459 5289.3654
861 8394.6376 5296.4266
862 8405.8310 5303.4889
863 8417.0261 5310.5522
864 8428.2228 5317.6165
865 8439.4212 5324.6819
866 8450.6213 5331.7484
867 8461.8231 5338.8159
868 8473.0265 5345.8845
869 8484.2315 5352.9541
870 8495.4383 5360.0248
871 8506.6467 5367.0965
872 8517.8567 5374.1692
873 8529.0684 5381.2430
874 8540.2818 5388.3179
875 8551.4968 5395.3938
876 8562.7135 5402.4707
877 8573.9318 5409.5487
878 8585.1517 5416.6277
879 8596.3733 5423.7077
880 8607.5965 5430.7888
881 8618.8214 5437.8709
882 8630.0479 5444.9540
883 8641.2761 5452.0382
884 8652.5059 5459.1234
885 8663.7373 5466.2096
886 8674.9703 5473.2969
887 8686.2050 5480.3852
888 8697.4413 5487.4745
889 8708.6792 5494.5648
890 8719.9188 5501.6562
891 8731.1599 5508.7486
892 8742.4027 5515.8420
893 8753.6471 5522.9364
894 8764.8931 5530.0319
895 8776.1408 5537.1283
896 8787.3900 5544.2258
897 8798.6409 5551.3243
898 8809.8933 5558.4238
899 8821.1474 5565.5244
900 8832.4031 5572.6259
901 8843.6603 5579.7284
902 8854.9192 5586.8320
903 8866.1797 5593.9366
904 8877.4418 5601.0422
905 8888.7055 5608.1487
906 8899.9707 5615.2563
907 8911.2376 5622.3649
908 8922.5060 5629.4745
909 8933.7761 5636.5851
910 8945.0477 5643.6967
911 8956.3209 5650.8093
912 8967.5957 5657.9229
913 8978.8721 5665.0375
914 8990.1500 5672.1531
915 9001.4296 5679.2697
916 9012.7107 5686.3873
917 9023.9934 5693.5059
918 9035.2776 5700.6255
919 9046.5634 5707.7460
920 9057.8508 5714.8676
921 9069.1398 5721.9901
922 9080.4304 5729.1137
923 9091.7225 5736.2382
924 9103.0161 5743.3637
925 9114.3113 5750.4902
926 9125.6081 5757.6177
927 9136.9065 5764.7461
928 9148.2064 5771.8756
929 9159.5078 5779.0060
930 9170.8108 5786.1374
931 9182.1154 5793.2698
932 9193.4215 5800.4032
933 9204.7291 5807.5375
934 9216.0383 5814.6728
935 9227.3491 5821.8091
936 9238.6614 5828.9463
937 9249.9752 5836.0846
938 9261.2906 5843.2238
939 9272.6075 5850.3640
940 9283.9259 5857.5051
941 9295.2459 5864.6472
942 9306.5674 5871.7903
943 9317.8905 5878.9343
944 9329.2150 5886.0793
945 9340.5411 5893.2253
946 9351.8688 5900.3723
947 9363.1979 5907.5202
948 9374.5286 5914.6690
949 9385.8608 5921.8188
950 9397.1945 5928.9696
951 9408.5298 5936.1214
952 9419.8665 5943.2741
953 9431.2048 5950.4277
954 9442.5446 5957.5823
955 9453.8859 5964.7379
956 9465.2287 5971.8944
957 9476.5730 5979.0519
958 9487.9188 5986.2103
959 9499.2661 5993.3696
960 9510.6150 6000.5300
961 9521.9653 6007.6912
962 9533.3171 6014.8534
963 9544.6705 6022.0166
964 9556.0253 6029.1807
965 9567.3817 6036.3457
966 9578.7395 6043.5117
967 9590.0988 6050.6787
968 9601.4596 6057.8465
969 9612.8219 6065.0154
970 9624.1857 6072.1851
971 9635.5510 6079.3558
972 9646.9178 6086.5274
973 9658.2860 6093.7000
974 9669.6557 6100.8735
975 9681.0269 6108.0479
976 9692.3996 6115.2233
977 9703.7738 6122.3996
978 9715.1495 6129.5769
979 9726.5266 6136.7550
980 9737.9052 6143.9341
981 9749.2852 6151.1141
982 9760.6668 6158.2951
983 9772.0498 6165.4770
984 9783.4343 6172.6598
985 9794.8202 6179.8435
986 9806.2076 6187.0282
987 9817.5965 6194.2137
988 9828.9868 6201.4002
989 9840.3786 6208.5877
990 9851.7719 6215.7760
991 9863.1666 6222.9653
992 9874.5627 6230.1554
993 9885.9604 6237.3465
994 9897.3594 6244.5385
995 9908.7600 6251.7315
996 9920.1619 6258.9253
997 9931.5653 6266.1201
998 9942.9702 6273.3157
999 9954.3765 6280.5123
1000 9965.7843 6287.7098
